0.0
0.0
0.0
0.0
0.0
0.0
0.0
0.0
0.0
0.0
0.0
0.0
0.0
0.0
0.0
0.0
0.0
0.0
0.0
0.0
0.0
0.0
0.0
0.0
0.0
0.0
0.0
0.0
0.309689578
0.168273586
0.064286319
0.04685616
0.036684795
0.020092292
0.0
0.014645505
0.0
0.0
0.0
0.0
0.0
0.0
0.0
0.0
0.0
0.0
0.0
0.0
0.0
0.0
0.023214933
0.000728077
0.0
0.0
0.0
0.0
0.0
0.0
0.0
0.0
0.34562503
0.729295646
1.537686852
1.460687894
0.82959523
0.674117582
0.578235792
0.451246
0.406773288
0.377806702
0.296716225
0.243790967
0.137155328
0.120933905
0.122469446
0.120906941
0.150033501
0.123240119
0.040212722
0.039778257
0.038826503
0.048415016
1.427531964
0.99363858
0.666563186
0.556599618
0.499996174
1.315923639
1.455186404
0.797928063
0.538201108
0.38208272
0.347576153
0.265917559
0.16607049
0.159855639
0.199227876
0.105926891








1.554258222
1.114447069
0.587771895
0.39522732
0.310456755
0.24484861
0.258275479














1.543651517
1.351644262
1.176529581
0.961432843
0.643008254
0.488651115
0.440243122
0.356948527
0.208584115
0.199314677
0.136986662
0.135047732
0.140378131
0.075607838
0.079106065
0.143674155
0.418502421
0.507961901
0.345203202
0.376999421
0.304308897
0.355595765
0.286600176
0.355182446
0.502833519
0.552273391
0.576812494
0.615035761
0.6578436
0.625893133
0.312587475



0.857009502
0.74731176






1.323631738
0.529028775
0.222976308
0.23425796
0.164283072
0.151034708
0.175147686
0.182872315
0.118545531
0.123742497
0.120297476
0.548559792








1.372462974
1.043608282





0.733139335
0.530403779
0.563417804
0.514775539
2.159058986

0.621527289
0.421132113
0.346456951
0.217326961
0.142710806
0.097683929





0.772553131
0.610412029
0.53523476
0.473624883







1.11893705
0.84657711
0.680926438
0.564705513
0.491432219
0.419529206
0.519104085
0.877611569
0.955791847
0.680449287
0.525216151
0.434440096
0.362167495






0.88784238
1.014440226
0.811743432
0.667435689



0.759267598
0.662804943
0.50092963
0.390668367
0.352250943
0.331366656
0.268493407
0.216183352
0.230991323
0.191261869
0.161977694
0.122617124
0.113584529
0.110986558
0.115631836
0.117838915
0.058934961
0.455787145
0.352574343
0.183187917
0.126003352
0.744711313
0.356414565
0.190057745
0.122804538
0.08164835
0.045601139
0.033419064
0.008179073
0.0
0.0




0.154494529
0.084220949
0.046736109
0.014146461
0.0
0.0
0.0
0.0
0.0
0.0
0.0
0.0
0.0
0.0
0.0
0.0
0.0
0.0
0.0
0.0
0.107164798
0.005232099
0.0
0.0
0.0
0.007612967
0.021688602
0.014050091
0.0
0.001456155
0.001456155
0.0
0.0
0.0
0.0
0.002184232
0.000728077
0.0
0.0
0.0
0.0
0.0
0.0
0.0
0.0
0.0
0.0
0.0
0.0
0.294944117
0.02307641
0.0
0.0
0.0
0.0
0.0
0.0
0.0
0.0
0.0
0.0
0.0
0.0
0.0
0.0
0.0
0.0
0.0
0.0
0.0
0.0
0.0
0.0
0.0
0.0
0.0
0.0
0.0
0.0
0.0
