

































































































0.058117685
7.79096205
7.031416582
2.993745377
2.849452675
5.957410334
2.695156772
1.962611078







1.006211356
8.67693046
10.19029901
11.23497736
9.084988654
9.417726787
7.084287477
4.127328454
4.568535896
4.651827495
3.150298781
2.523894301
2.135292866
1.820652108































0.185057391
3.06550482
1.692291051


0.658122422
5.607627289
6.234273734
3.469955118
2.500010702
1.829826886












0.628969397
3.76749848
10.93851808
5.499085057
3.232875718
2.591224261
2.028303989
1.658792874


0.581859862
8.666580945
14.88305832
4.724149292
1.250923564





1.01900347






0.041802585
2.516824761
2.419962177
4.727185339
1.46238905




0.426557367
2.556818499
5.240644798
2.160048858
1.93118627
2.364753908
1.555207675













0.360351494
4.017836388
1.942444556
3.557095418
2.344128272
1.247307968




0.979636444
3.383677466
1.150635308































0.0
8.395357935
2.931010556
0.398008583
















































































