0.0
0.0
0.0
0.0
0.0
0.0
0.0
0.0
0.0
0.0
0.0
0.0
0.0
0.0
0.0
0.0
0.0
0.0
0.0
0.0
0.0
0.0
0.0
0.0
0.0
0.0
0.0
0.0
0.0
0.0
0.0
0.0
0.0
0.0
0.0
0.0
0.0
0.0
0.0
0.0
0.0
0.0
0.0
0.0
0.0
0.0
0.0
0.0
0.0
0.0
0.0
0.0
0.0
0.0
0.0
0.0
0.0
0.0
0.0
0.0
0.0
0.0
0.0
0.0
0.011658764
0.020939412
0.019134039
0.016814292
0.013231322
0.010263658
0.007018233
0.004630957
0.0
0.0
0.0
0.0
0.0
0.0
0.0
0.0
0.0
0.0
0.0
0.0
0.0
0.0
0.0
0.011073852
0.045627285
0.034990643
0.025276868
0.013891063
0.012084238
0.010343282
0.0
0.0
0.004794913
0.0
0.0



1.460419941
1.04040854
0.90891386
0.748314099
0.620661655
0.47323021
0.387284413
0.310194989
0.22959567
0.175334704
0.206275072
0.525818101
2.203191539







2.929777787
1.889998604
1.447524247
1.156682756
0.92043955
0.749518457
0.677677133
0.641587808
0.56626753
0.472184009
0.399089451
0.385285353
0.302810462
0.262787346
0.345594887
0.269444369
0.26053333
0.280617059
0.205110495
0.19139668
0.217643136
0.238467439
0.227324603
0.164109444
0.17752065
0.18120312
0.21221633
0.183506607
0.116290319
0.138477965
0.144105927
0.143436279
0.143542665
0.143913948
0.128047646
0.117342925
0.164858529


1.122029047
0.975379578
0.823857923



1.526940963
1.127387454
0.999278456
0.681771032
0.467256248
0.48300038
0.388245562
0.379064439
0.395398994
0.367415313
0.250716496
0.250777041
0.243218074
1.316199004
1.305024505





1.59554439
1.207198435
0.931542979
0.75499046
0.662065826



1.620630235
1.107971293
0.887190786
1.176082534
1.234151621
2.833007275
1.730182981
1.164375714
0.871631987
0.746030843
0.526761237
0.429462941
0.425490165
0.394629599
0.346045006
0.334423368
0.285657204
0.278374419
0.25900871
0.312201701
0.335128229
0.298877879
0.278193601
0.775342606
1.458712036
1.059112211
1.230874106
1.070259475
0.967181728
0.834372366
0.744967514
1.940207404
1.571779326
1.216731016
0.966560251
2.07636755


1.580489313
0.943087596
0.755290686
0.62554598
0.574127468


1.349937909
1.097839497
0.880792299
0.767622406
0.706119411
0.665716738
0.61639998
0.92062067
1.772144376
1.215992693
0.887925
0.838514763
0.743761767
0.617190792
0.547596879
0.487568988
0.441080768
0.391520982
0.3921205
0.35377349
0.30811278
0.283327005
0.267353877
0.266858535
0.287650611
0.281808969
0.211264354
0.355142167
0.37351888
0.269682285
0.236943284
0.503299574
0.600636316
0.374732905
0.307565848
0.260308655
0.199006761
0.177373448
0.146489301
0.126035206
0.1273886
0.117838329



0.930035474
0.654170639
0.508900523
0.372827215
0.272518046
0.206781253
0.180944768
0.164705241
0.144177762
0.138753708
0.126729722
0.114983996
0.102401845
0.094244578
0.086078988
0.071289968
0.06711139
0.057461566
0.047419396
0.041872832
0.043509022
0.038796275
0.026618805
0.025235056
0.028782613
0.025677177
0.01475068
0.006036228
0.0
0.0
0.0
0.0
0.0
0.0
0.0
0.0
0.0
0.0
0.0
0.0
0.0
0.0
0.0
0.0
0.0
0.0
0.0
0.0
0.0
0.0
0.0
0.0
0.0
0.0
0.0
0.0
0.0
0.0
0.0
0.0
0.0
0.0
0.0
0.0
0.0
0.0
0.0
0.0
0.0
0.0
0.0
0.0
0.0
0.0
0.0
0.0
0.0
0.0
0.0
0.0
0.0
0.0
0.0
0.0
0.0
0.0
0.0
0.0
0.0
0.0
0.0
0.0
0.0
0.0
0.0
0.0
0.0
0.0
0.0
0.0
0.0
0.0
0.0
0.0
0.0
0.0
0.0
0.0
0.0
0.0
0.0
0.0
0.0
0.0
0.0
0.0
0.0
0.0
0.0
0.0
0.0
0.0
0.0
0.0
0.0
0.0
0.0
0.0
0.0
0.0
0.0
0.0
0.0
0.0
0.0
0.0
0.0
0.0
0.0
0.0
0.0
0.0
0.0
0.0
0.0
7.37e-06
3.02e-05
1.77e-05
1.45e-05
1.06e-05
6.12e-06
3.5e-06
3.49e-06
0.0
0.0
0.0
0.0
0.0
0.0
0.0
0.0
0.0
0.0
0.0
0.0
0.0
0.0
0.0
3.74e-06
5.25e-05
2.06e-05
9.78e-06
6.43e-06
4.9e-06
7.28e-06
0.0
0.0
2.93e-06
0.0
0.0
0.019648306
0.019639924
0.002229762
0.001112402
0.000930749
0.000600247
0.000438662
0.00048635
0.000224406
0.000192093
0.000133539
9.84e-05
7.29e-05
0.000110419
0.000415712
0.006341226
0.058234988
0.20071042
0.153645621
0.100112236
0.011227023
0.002956244
0.002662562
0.002763366
0.00112814
0.00104931
0.000721886
0.000492619
0.000411111
0.000292824
0.000290575
0.000346046
0.000275094
0.000238536
0.000246082
0.000199249
0.000133496
0.000183131
0.000160239
0.000174792
0.000162281
0.000108729
0.000108828
0.000141381
0.000130847
0.000116868
7.61e-05
8.19e-05
9.05e-05
0.000185859
0.00016099
3.4e-05
3.71e-05
4.91e-05
4.35e-05
4.72e-05
5.21e-05
4.54e-05
4.47e-05
0.000215272
0.014975777
0.005401221
0.001786495
0.000706175
0.000411517
0.033255728
0.004816742
0.002514485
0.00212596
0.000565159
0.000884961
0.000764402
0.000389598
0.000430498
0.00034154
0.000337254
0.000229885
0.000262518
0.000180992
6.78e-05
9.66e-05
0.000734307
0.000662952
0.010558539
0.127150277
0.033781282
0.005555768
0.002557256
0.001265107
0.000792767
0.000587152
0.000471567
0.000869061
0.006829036
0.007625075
0.002240884
0.000979995
0.000599856
0.000485205
0.001950768
0.001323628
0.002752267
0.000807995
0.000663694
0.000570047
0.000897475
0.000507271
0.000266696
0.000247635
0.000231253
0.000199322
0.000181592
0.000132545
0.000110236
9.84e-05
0.000174521
0.000189683
0.000179924
0.000128804
0.000402403
0.001288772
0.000832992
0.000756126
0.000584362
0.000624799
0.000427199
0.000839578
0.002440587
0.001223316
0.001494916
0.001622822
0.004421209
0.020618033
0.002049712
0.000855045
0.000716181
0.000345625
0.000270531
0.000773637
0.00651141
0.001530351
0.001017583
0.000743567
0.000492847
0.000328082
0.000342104
0.0003116
0.000350341
0.000708878
0.000910173
0.000796232
0.000577146
0.00032922
0.000337593
0.000350096
0.000351904
0.000243301
0.000437508
0.000264355
0.000336243
0.000176462
0.000298777
0.000151461
0.000181079
0.000166226
0.000163529
0.000174707
0.000174236
0.000263267
0.000263368
0.000112411
0.00014463
0.001167957
0.000592768
0.000326842
0.000194207
0.000114096
0.000130337
0.000124623
0.000166755
9.64e-05
6.57e-05
6.76e-05
0.053299496
0.003626071
0.001043528
0.0
0.0
0.0
0.0
0.0
0.0
0.0
0.0
0.0
0.0
0.0
0.0
0.0
0.0
0.0
0.0
0.0
0.0
0.0
0.0
0.0
0.0
0.0
0.0
0.0
0.0
0.0
0.0
0.0
0.0
0.0
0.0
0.0
0.0
0.0
0.0
0.0
0.0
0.0
0.0
0.0
0.0
0.0
0.0
0.0
0.0
0.0
0.0
0.0
0.0
0.0
0.0
0.0
0.0
0.0
0.0
0.0
0.0
0.0
0.0
0.0
0.0
0.0
0.0
0.0
0.0
0.0
0.0
0.0
0.0
0.0
0.0
0.0
0.0
0.0
0.0
0.0
0.0
0.0
0.0
0.0
0.0
0.0
0.0
0.0
0.0
0.0
0.0
0.0
0.0
0.0
0.0
0.0
0.0
0.0
0.0
0.0
0.0
0.0
0.0
0.0
0.0
0.0
0.0
0.0
0.0
0.0
0.0
0.0
0.0
0.0
0.0
0.0
0.0
0.0
0.0
0.0
0.0
0.0
0.0
0.0
0.0
0.0
0.0
0.0
0.0
0.0
0.0
0.0
0.0
0.0
0.0
0.0
0.0
0.0
0.0
0.0
0.0
0.0
0.0
0.0
0.0
0.0
0.0
0.0
0.011658764
0.020939412
0.019134039
0.016814292
0.013231322
0.010263658
0.007018233
0.004630957
0.0
0.0
0.0
0.0
0.0
0.0
0.0
0.0
0.0
0.0
0.0
0.0
0.0
0.0
0.0
0.011073852
0.045627285
0.034990643
0.025276868
0.013891063
0.012084238
0.010343282
0.0
0.0
0.004794913
0.0
0.0



1.460419941
1.04040854
0.90891386
0.748314099
0.620661655
0.47323021
0.387284413
0.310194989
0.22959567
0.175334704
0.206275072
0.525818101
2.203191539







2.929777787
1.889998604
1.447524247
1.156682756
0.92043955
0.749518457
0.677677133
0.641587808
0.56626753
0.472184009
0.399089451
0.385285353
0.302810462
0.262787346
0.345594887
0.269444369
0.26053333
0.280617059
0.205110495
0.19139668
0.217643136
0.238467439
0.227324603
0.164109444
0.17752065
0.18120312
0.21221633
0.183506607
0.116290319
0.138477965
0.144105927
0.143436279
0.143542665
0.143913948
0.128047646
0.117342925
0.164858529


1.122029047
0.975379578
0.823857923



1.526940963
1.127387454
0.999278456
0.681771032
0.467256248
0.48300038
0.388245562
0.379064439
0.395398994
0.367415313
0.250716496
0.250777041
0.243218074
1.316199004
1.305024505





1.59554439
1.207198435
0.931542979
0.75499046
0.662065826



1.620630235
1.107971293
0.887190786
1.176082534
1.234151621
2.833007275
1.730182981
1.164375714
0.871631987
0.746030843
0.526761237
0.429462941
0.425490165
0.394629599
0.346045006
0.334423368
0.285657204
0.278374419
0.25900871
0.312201701
0.335128229
0.298877879
0.278193601
0.775342606
1.458712036
1.059112211
1.230874106
1.070259475
0.967181728
0.834372366
0.744967514
1.940207404
1.571779326
1.216731016
0.966560251
2.07636755


1.580489313
0.943087596
0.755290686
0.62554598
0.574127468


1.349937909
1.097839497
0.880792299
0.767622406
0.706119411
0.665716738
0.61639998
0.92062067
1.772144376
1.215992693
0.887925
0.838514763
0.743761767
0.617190792
0.547596879
0.487568988
0.441080768
0.391520982
0.3921205
0.35377349
0.30811278
0.283327005
0.267353877
0.266858535
0.287650611
0.281808969
0.211264354
0.355142167
0.37351888
0.269682285
0.236943284
0.503299574
0.600636316
0.374732905
0.307565848
0.260308655
0.199006761
0.177373448
0.146489301
0.126035206
0.1273886
0.117838329



0.930035474
0.654170639
0.508900523
0.372827215
0.272518046
0.206781253
0.180944768
0.164705241
0.144177762
0.138753708
0.126729722
0.114983996
0.102401845
0.094244578
0.086078988
0.071289968
0.06711139
0.057461566
0.047419396
0.041872832
0.043509022
0.038796275
0.026618805
0.025235056
0.028782613
0.025677177
0.01475068
0.006036228
0.0
0.0
0.0
0.0
0.0
0.0
0.0
0.0
0.0
0.0
0.0
0.0
0.0
0.0
0.0
0.0
0.0
0.0
0.0
0.0
0.0
0.0
0.0
0.0
0.0
0.0
0.0
0.0
0.0
0.0
0.0
0.0
0.0
0.0
0.0
0.0
0.0
0.0
0.0
0.0
0.0
0.0
0.0
0.0
0.0
0.0
0.0
0.0
0.0
0.0
0.0
0.0
0.0
0.0
0.0
0.0
0.0
0.0
0.0
0.0
0.0
0.0
0.0
0.0
0.0
0.0
0.0
0.0
0.0
0.0
0.0
0.0
0.0
0.0
0.0
0.0
0.0
0.0
0.0
0.0
0.0
0.0
0.0
0.0
0.0
0.0
0.0
0.0
0.0
0.0
0.0
0.0
0.0
0.0
0.0
0.0
0.0
0.0
0.0
0.0
0.0
0.0
0.0
0.0
0.0
0.0
0.0
0.0
0.0
0.0
0.0
0.0
0.0
0.0
0.0
0.0
0.0
7.37e-06
3.02e-05
1.77e-05
1.45e-05
1.06e-05
6.12e-06
3.5e-06
3.49e-06
0.0
0.0
0.0
0.0
0.0
0.0
0.0
0.0
0.0
0.0
0.0
0.0
0.0
0.0
0.0
3.74e-06
5.25e-05
2.06e-05
9.78e-06
6.43e-06
4.9e-06
7.28e-06
0.0
0.0
2.93e-06
0.0
0.0
0.019648306
0.019639924
0.002229762
0.001112402
0.000930749
0.000600247
0.000438662
0.00048635
0.000224406
0.000192093
0.000133539
9.84e-05
7.29e-05
0.000110419
0.000415712
0.006341226
0.058234988
0.20071042
0.153645621
0.100112236
0.011227023
0.002956244
0.002662562
0.002763366
0.00112814
0.00104931
0.000721886
0.000492619
0.000411111
0.000292824
0.000290575
0.000346046
0.000275094
0.000238536
0.000246082
0.000199249
0.000133496
0.000183131
0.000160239
0.000174792
0.000162281
0.000108729
0.000108828
0.000141381
0.000130847
0.000116868
7.61e-05
8.19e-05
9.05e-05
0.000185859
0.00016099
3.4e-05
3.71e-05
4.91e-05
4.35e-05
4.72e-05
5.21e-05
4.54e-05
4.47e-05
0.000215272
0.014975777
0.005401221
0.001786495
0.000706175
0.000411517
0.033255728
0.004816742
0.002514485
0.00212596
0.000565159
0.000884961
0.000764402
0.000389598
0.000430498
0.00034154
0.000337254
0.000229885
0.000262518
0.000180992
6.78e-05
9.66e-05
0.000734307
0.000662952
0.010558539
0.127150277
0.033781282
0.005555768
0.002557256
0.001265107
0.000792767
0.000587152
0.000471567
0.000869061
0.006829036
0.007625075
0.002240884
0.000979995
0.000599856
0.000485205
0.001950768
0.001323628
0.002752267
0.000807995
0.000663694
0.000570047
0.000897475
0.000507271
0.000266696
0.000247635
0.000231253
0.000199322
0.000181592
0.000132545
0.000110236
9.84e-05
0.000174521
0.000189683
0.000179924
0.000128804
0.000402403
0.001288772
0.000832992
0.000756126
0.000584362
0.000624799
0.000427199
0.000839578
0.002440587
0.001223316
0.001494916
0.001622822
0.004421209
0.020618033
0.002049712
0.000855045
0.000716181
0.000345625
0.000270531
0.000773637
0.00651141
0.001530351
0.001017583
0.000743567
0.000492847
0.000328082
0.000342104
0.0003116
0.000350341
0.000708878
0.000910173
0.000796232
0.000577146
0.00032922
0.000337593
0.000350096
0.000351904
0.000243301
0.000437508
0.000264355
0.000336243
0.000176462
0.000298777
0.000151461
0.000181079
0.000166226
0.000163529
0.000174707
0.000174236
0.000263267
0.000263368
0.000112411
0.00014463
0.001167957
0.000592768
0.000326842
0.000194207
0.000114096
0.000130337
0.000124623
0.000166755
9.64e-05
6.57e-05
6.76e-05
0.053299496
0.003626071
0.001043528
0.0
0.0
0.0
0.0
0.0
0.0
0.0
0.0
0.0
0.0
0.0
0.0
0.0
0.0
0.0
0.0
0.0
0.0
0.0
0.0
0.0
0.0
0.0
0.0
0.0
0.0
0.0
0.0
0.0
0.0
0.0
0.0
0.0
0.0
0.0
0.0
0.0
0.0
0.0
0.0
0.0
0.0
0.0
0.0
0.0
0.0
0.0
0.0
0.0
0.0
0.0
0.0
0.0
0.0
0.0
0.0
0.0
0.0
0.0
0.0
0.0
0.0
0.0
0.0
0.0
0.0
0.0
0.0
0.0
0.0
0.0
0.0
0.0
0.0
0.0
0.0
0.0
0.0
0.0
0.0
0.0
0.0
0.0
0.0
0.0
0.0
0.0
0.0
0.0
0.0
0.0
0.0
0.0
0.0
0.0
0.0
0.0
0.0
0.0
0.0
0.0
0.0
0.0
0.0
0.0
0.0
0.0
0.0
0.0
0.0
0.0
0.0
0.0
0.0
0.0
0.0
0.0
0.0
0.0
0.0
0.0
0.0
0.0
0.0
0.0
0.0
0.0
0.0
0.0
0.0
0.0
0.0
0.0
0.0
0.0
0.0
0.0
0.0
0.0
0.0
0.0
0.0
0.0
0.0
0.0
0.011658764
0.020939412
0.019134039
0.016814292
0.013231322
0.010263658
0.007018233
0.004630957
0.0
0.0
0.0
0.0
0.0
0.0
0.0
0.0
0.0
0.0
0.0
0.0
0.0
0.0
0.0
0.011073852
0.045627285
0.034990643
0.025276868
0.013891063
0.012084238
0.010343282
0.0
0.0
0.004794913
0.0
0.0
0.0
0.0
0.0
0.0
0.0
0.0
0.0
0.0
0.0
0.0
0.0
0.0
0.175334704
0.206275072
0.0
0.0
0.0
0.0
0.0
0.0
0.0
0.0
0.0
0.0
0.0
0.0
0.0
0.0
0.0
0.0
0.0
0.0
0.0
0.0
0.0
0.0
0.0
0.0
0.0
0.26053333
0.280617059
0.205110495
0.19139668
0.217643136
0.238467439
0.227324603
0.164109444
0.17752065
0.18120312
0.21221633
0.183506607
0.116290319
0.138477965
0.144105927
0.143436279
0.143542665
0.143913948
0.128047646
0.117342925
0.164858529
0.0
0.0
0.0
0.0
0.0
0.0
0.0
0.0
0.0
0.0
0.0
0.0
0.0
0.0
0.0
0.0
0.0
0.0
0.0
0.250777041
0.243218074
0.0
0.0
0.0
0.0
0.0
0.0
0.0
0.0
0.0
0.0
0.0
0.0
0.0
0.0
0.0
0.0
0.0
0.0
0.0
0.0
0.0
0.0
0.0
0.0
0.0
0.0
0.0
0.0
0.0
0.0
0.0
0.0
0.278374419
0.25900871
0.0
0.0
0.0
0.278193601
0.0
0.0
0.0
0.0
0.0
0.0
0.0
0.0
0.0
0.0
0.0
0.0
0.0
0.0
0.0
0.0
0.0
0.0
0.0
0.0
0.0
0.0
0.0
0.0
0.0
0.0
0.0
0.0
0.0
0.0
0.0
0.0
0.0
0.0
0.0
0.0
0.0
0.0
0.0
0.0
0.0
0.0
0.0
0.0
0.267353877
0.266858535
0.287650611
0.281808969
0.211264354
0.0
0.0
0.0
0.236943284
0.0
0.0
0.0
0.0
0.0
0.199006761
0.177373448
0.146489301
0.126035206
0.1273886
0.117838329
0.0
0.0
0.0
0.0
0.0
0.0
0.0
0.0
0.206781253
0.180944768
0.164705241
0.144177762
0.138753708
0.126729722
0.114983996
0.102401845
0.094244578
0.086078988
0.071289968
0.06711139
0.057461566
0.047419396
0.041872832
0.043509022
0.038796275
0.026618805
0.025235056
0.028782613
0.025677177
0.01475068
0.006036228
0.0
0.0
0.0
0.0
0.0
0.0
0.0
0.0
0.0
0.0
0.0
0.0
0.0
0.0
0.0
0.0
0.0
0.0
0.0
0.0
0.0
0.0
0.0
0.0
0.0
0.0
0.0
0.0
0.0
0.0
0.0
0.0
0.0
0.0
0.0
0.0
0.0
0.0
0.0
0.0
0.0
0.0
0.0
0.0
0.0
0.0
0.0
0.0
0.0
0.0
0.0
0.0
0.0
0.0
0.0
0.0
0.0
0.0
0.0
0.0
0.0
0.0
0.0
0.0
0.0
0.0
0.0
0.0
0.0
0.0
0.0
0.0
0.0
0.0
0.0
0.0
0.0
0.0
0.0
0.0
0.0
0.0
0.0
0.0
0.0
0.0
0.0
0.0
0.0
0.0
0.0
0.0
0.0
0.0
0.0
0.0
0.0
0.0
0.0
0.0
0.0
0.0
0.0
0.0
0.0
0.0
0.0
0.0
0.0
0.0
0.0
0.0
0.0
0.0
0.0
0.0
0.0
7.37e-06
3.02e-05
1.77e-05
1.45e-05
1.06e-05
6.12e-06
3.5e-06
3.49e-06
0.0
0.0
0.0
0.0
0.0
0.0
0.0
0.0
0.0
0.0
0.0
0.0
0.0
0.0
0.0
3.74e-06
5.25e-05
2.06e-05
9.78e-06
6.43e-06
4.9e-06
7.28e-06
0.0
0.0
2.93e-06
0.0
0.0
0.019648306
0.019639924
0.002229762
0.001112402
0.000930749
0.000600247
0.000438662
0.00048635
0.000224406
0.000192093
0.000133539
9.84e-05
7.29e-05
0.000110419
0.000415712
0.006341226
0.058234988
0.20071042
0.153645621
0.100112236
0.011227023
0.002956244
0.002662562
0.002763366
0.00112814
0.00104931
0.000721886
0.000492619
0.000411111
0.000292824
0.000290575
0.000346046
0.000275094
0.000238536
0.000246082
0.000199249
0.000133496
0.000183131
0.000160239
0.000174792
0.000162281
0.000108729
0.000108828
0.000141381
0.000130847
0.000116868
7.61e-05
8.19e-05
9.05e-05
0.000185859
0.00016099
3.4e-05
3.71e-05
4.91e-05
4.35e-05
4.72e-05
5.21e-05
4.54e-05
4.47e-05
0.000215272
0.014975777
0.005401221
0.001786495
0.000706175
0.000411517
0.033255728
0.004816742
0.002514485
0.00212596
0.000565159
0.000884961
0.000764402
0.000389598
0.000430498
0.00034154
0.000337254
0.000229885
0.000262518
0.000180992
6.78e-05
9.66e-05
0.000734307
0.000662952
0.010558539
0.127150277
0.033781282
0.005555768
0.002557256
0.001265107
0.000792767
0.000587152
0.000471567
0.000869061
0.006829036
0.007625075
0.002240884
0.000979995
0.000599856
0.000485205
0.001950768
0.001323628
0.002752267
0.000807995
0.000663694
0.000570047
0.000897475
0.000507271
0.000266696
0.000247635
0.000231253
0.000199322
0.000181592
0.000132545
0.000110236
9.84e-05
0.000174521
0.000189683
0.000179924
0.000128804
0.000402403
0.001288772
0.000832992
0.000756126
0.000584362
0.000624799
0.000427199
0.000839578
0.002440587
0.001223316
0.001494916
0.001622822
0.004421209
0.020618033
0.002049712
0.000855045
0.000716181
0.000345625
0.000270531
0.000773637
0.00651141
0.001530351
0.001017583
0.000743567
0.000492847
0.000328082
0.000342104
0.0003116
0.000350341
0.000708878
0.000910173
0.000796232
0.000577146
0.00032922
0.000337593
0.000350096
0.000351904
0.000243301
0.000437508
0.000264355
0.000336243
0.000176462
0.000298777
0.000151461
0.000181079
0.000166226
0.000163529
0.000174707
0.000174236
0.000263267
0.000263368
0.000112411
0.00014463
0.001167957
0.000592768
0.000326842
0.000194207
0.000114096
0.000130337
0.000124623
0.000166755
9.64e-05
6.57e-05
6.76e-05
0.053299496
0.003626071
0.001043528
0.0
0.0
0.0
0.0
0.0
0.0
0.0
0.0
0.0
0.0
0.0
0.0
0.0
0.0
0.0
0.0
0.0
0.0
0.0
0.0
0.0
0.0
0.0
0.0
0.0
0.0
0.0
0.0
0.0
0.0
0.0
0.0
0.0
0.0
0.0
0.0
0.0
0.0
0.0
0.0
0.0
0.0
0.0
0.0
0.0
0.0
0.0
0.0
0.0
0.0
0.0
0.0
0.0
0.0
0.0
0.0
0.0
0.0
0.0
0.0
0.0
0.0
0.0
0.0
0.0
0.0
0.0
0.0
0.0
0.0
0.0
0.0
0.0
0.0
0.0
0.0
0.0
0.0
0.0
0.0
0.0
0.0
0.0
0.0
0.0
0.0
0.0
0.0
0.0
0.0
0.0
0.0
0.0
0.0
0.0
0.0
0.0
0.0
0.0
0.0
0.0
0.0
0.0
0.0
0.0
0.0
0.0
0.0
0.0
0.0
0.0
0.0
0.0
0.0
0.0
0.0
0.0
0.0
0.0
0.0
0.0
0.0
0.0
0.0
0.0
0.0
0.0
0.0
0.0
0.0
0.0
0.0
0.0
0.0
0.0
0.0
0.0
0.0
0.0
0.0
0.0
0.0
0.0
0.0
0.0
0.011658764
0.020939412
0.019134039
0.016814292
0.013231322
0.010263658
0.007018233
0.004630957
0.0
0.0
0.0
0.0
0.0
0.0
0.0
0.0
0.0
0.0
0.0
0.0
0.0
0.0
0.0
0.011073852
0.045627285
0.034990643
0.025276868
0.013891063
0.012084238
0.010343282
0.0
0.0
0.004794913
0.0
0.0
0.0
0.0
0.0
0.0
0.0
0.0
0.0
0.0
0.0
0.0
0.0
0.0
0.175334704
0.206275072
0.0
0.0
0.0
0.0
0.0
0.0
0.0
0.0
0.0
0.0
0.0
0.0
0.0
0.0
0.0
0.0
0.0
0.0
0.0
0.0
0.0
0.0
0.0
0.0
0.0
0.26053333
0.280617059
0.205110495
0.19139668
0.217643136
0.238467439
0.227324603
0.164109444
0.17752065
0.18120312
0.21221633
0.183506607
0.116290319
0.138477965
0.144105927
0.143436279
0.143542665
0.143913948
0.128047646
0.117342925
0.164858529
0.0
0.0
0.0
0.0
0.0
0.0
0.0
0.0
0.0
0.0
0.0
0.0
0.0
0.0
0.0
0.0
0.0
0.0
0.0
0.250777041
0.243218074
0.0
0.0
0.0
0.0
0.0
0.0
0.0
0.0
0.0
0.0
0.0
0.0
0.0
0.0
0.0
0.0
0.0
0.0
0.0
0.0
0.0
0.0
0.0
0.0
0.0
0.0
0.0
0.0
0.0
0.0
0.0
0.0
0.278374419
0.25900871
0.0
0.0
0.0
0.278193601
0.0
0.0
0.0
0.0
0.0
0.0
0.0
0.0
0.0
0.0
0.0
0.0
0.0
0.0
0.0
0.0
0.0
0.0
0.0
0.0
0.0
0.0
0.0
0.0
0.0
0.0
0.0
0.0
0.0
0.0
0.0
0.0
0.0
0.0
0.0
0.0
0.0
0.0
0.0
0.0
0.0
0.0
0.0
0.0
0.267353877
0.266858535
0.287650611
0.281808969
0.211264354
0.0
0.0
0.0
0.236943284
0.0
0.0
0.0
0.0
0.0
0.199006761
0.177373448
0.146489301
0.126035206
0.1273886
0.117838329
0.0
0.0
0.0
0.0
0.0
0.0
0.0
0.0
0.206781253
0.180944768
0.164705241
0.144177762
0.138753708
0.126729722
0.114983996
0.102401845
0.094244578
0.086078988
0.071289968
0.06711139
0.057461566
0.047419396
0.041872832
0.043509022
0.038796275
0.026618805
0.025235056
0.028782613
0.025677177
0.01475068
0.006036228
0.0
0.0
0.0
0.0
0.0
0.0
0.0
0.0
0.0
0.0
0.0
0.0
0.0
0.0
0.0
0.0
0.0
0.0
0.0
0.0
0.0
0.0
0.0
0.0
0.0
0.0
0.0
0.0
0.0
0.0
0.0
0.0
0.0
0.0
0.0
0.0
0.0
0.0
0.0
0.0
0.0
0.0
0.0
0.0
0.0
0.0
0.0
0.0
0.0
0.0
0.0
0.0
0.0
0.0
0.0
0.0
0.0
0.0
0.0
0.0
0.0
0.0
0.0
0.0
0.0
0.0
0.0
0.0
0.0
0.0
0.0
0.0
0.0
0.0
0.0
0.0
0.0
0.0
0.0
0.0
0.0
0.0
0.0
0.0
0.0
0.0
0.0
0.0
0.0
0.0
0.0
0.0
0.0
0.0
0.0
0.0
0.0
0.0
0.0
0.0
0.0
0.0
0.0
0.0
0.0
0.0
0.0
0.0
0.0
0.0
0.0
0.0
0.0
0.0
0.0
0.0
0.0
7.37e-06
3.02e-05
1.77e-05
1.45e-05
1.06e-05
6.12e-06
3.5e-06
3.49e-06
0.0
0.0
0.0
0.0
0.0
0.0
0.0
0.0
0.0
0.0
0.0
0.0
0.0
0.0
0.0
3.74e-06
5.25e-05
2.06e-05
9.78e-06
6.43e-06
4.9e-06
7.28e-06
0.0
0.0
2.93e-06
0.0
0.0
0.019648306
0.019639924
0.002229762
0.001112402
0.000930749
0.000600247
0.000438662
0.00048635
0.000224406
0.000192093
0.000133539
9.84e-05
7.29e-05
0.000110419
0.000415712
0.006341226
0.058234988
0.20071042
0.153645621
0.100112236
0.011227023
0.002956244
0.002662562
0.002763366
0.00112814
0.00104931
0.000721886
0.000492619
0.000411111
0.000292824
0.000290575
0.000346046
0.000275094
0.000238536
0.000246082
0.000199249
0.000133496
0.000183131
0.000160239
0.000174792
0.000162281
0.000108729
0.000108828
0.000141381
0.000130847
0.000116868
7.61e-05
8.19e-05
9.05e-05
0.000185859
0.00016099
3.4e-05
3.71e-05
4.91e-05
4.35e-05
4.72e-05
5.21e-05
4.54e-05
4.47e-05
0.000215272
0.014975777
0.005401221
0.001786495
0.000706175
0.000411517
0.033255728
0.004816742
0.002514485
0.00212596
0.000565159
0.000884961
0.000764402
0.000389598
0.000430498
0.00034154
0.000337254
0.000229885
0.000262518
0.000180992
6.78e-05
9.66e-05
0.000734307
0.000662952
0.010558539
0.127150277
0.033781282
0.005555768
0.002557256
0.001265107
0.000792767
0.000587152
0.000471567
0.000869061
0.006829036
0.007625075
0.002240884
0.000979995
0.000599856
0.000485205
0.001950768
0.001323628
0.002752267
0.000807995
0.000663694
0.000570047
0.000897475
0.000507271
0.000266696
0.000247635
0.000231253
0.000199322
0.000181592
0.000132545
0.000110236
9.84e-05
0.000174521
0.000189683
0.000179924
0.000128804
0.000402403
0.001288772
0.000832992
0.000756126
0.000584362
0.000624799
0.000427199
0.000839578
0.002440587
0.001223316
0.001494916
0.001622822
0.004421209
0.020618033
0.002049712
0.000855045
0.000716181
0.000345625
0.000270531
0.000773637
0.00651141
0.001530351
0.001017583
0.000743567
0.000492847
0.000328082
0.000342104
0.0003116
0.000350341
0.000708878
0.000910173
0.000796232
0.000577146
0.00032922
0.000337593
0.000350096
0.000351904
0.000243301
0.000437508
0.000264355
0.000336243
0.000176462
0.000298777
0.000151461
0.000181079
0.000166226
0.000163529
0.000174707
0.000174236
0.000263267
0.000263368
0.000112411
0.00014463
0.001167957
0.000592768
0.000326842
0.000194207
0.000114096
0.000130337
0.000124623
0.000166755
9.64e-05
6.57e-05
6.76e-05
0.053299496
0.003626071
0.001043528
0.0
0.0
0.0
0.0
0.0
0.0
0.0
0.0
0.0
0.0
0.0
0.0
0.0
0.0
0.0
0.0
0.0
0.0
0.0
0.0
0.0
0.0
0.0
0.0
0.0
0.0
0.0
0.0
0.0
0.0
0.0
0.0
0.0
0.0
0.0
0.0
0.0
0.0
0.0
0.0
0.0
0.0
0.0
0.0
0.0
0.0
0.0
0.0
0.0
0.0
0.0
0.0
0.0
0.0
0.0
0.0
0.0
0.0
0.0
0.0
0.0
0.0
0.0
0.0
0.0
0.0
0.0
0.0
0.0
0.0
0.0
0.0
0.0
0.0
0.0
0.0
0.0
0.0
0.0
0.0
0.0
0.0
0.0
0.0
0.0
0.0
0.0
0.0
0.0
0.0
0.0
0.0
0.0
0.0
0.0
0.0
0.0
0.0
0.0
0.0
0.0
0.0
0.0
0.0
0.0
0.0
0.0
0.0
0.0
0.0
0.0
0.0
0.0
0.0
0.0
0.0
0.0
0.0
0.0
0.0
0.0
0.0
0.0
0.0
0.0
0.0
0.0
0.0
0.0
0.0
0.0
0.0
0.0
0.0
0.0
0.0
0.0
0.0
0.0
0.0
0.0
0.0
0.0
0.0
0.0
0.011658764
0.020939412
0.019134039
0.016814292
0.013231322
0.010263658
0.007018233
0.004630957
0.0
0.0
0.0
0.0
0.0
0.0
0.0
0.0
0.0
0.0
0.0
0.0
0.0
0.0
0.0
0.011073852
0.045627285
0.034990643
0.025276868
0.013891063
0.012084238
0.010343282
0.0
0.0
0.004794913
0.0
0.0
0.0
0.0
0.0
0.0
0.0
0.0
0.0
0.0
0.0
0.0
0.0
0.0
0.175334704
0.206275072
0.0
0.0
0.0
0.0
0.0
0.0
0.0
0.0
0.0
0.0
0.0
0.0
0.0
0.0
0.0
0.0
0.0
0.0
0.0
0.0
0.0
0.0
0.0
0.0
0.0
0.26053333
0.280617059
0.205110495
0.19139668
0.217643136
0.238467439
0.227324603
0.164109444
0.17752065
0.18120312
0.21221633
0.183506607
0.116290319
0.138477965
0.144105927
0.143436279
0.143542665
0.143913948
0.128047646
0.117342925
0.164858529
0.0
0.0
0.0
0.0
0.0
0.0
0.0
0.0
0.0
0.0
0.0
0.0
0.0
0.0
0.0
0.0
0.0
0.0
0.0
0.250777041
0.243218074
0.0
0.0
0.0
0.0
0.0
0.0
0.0
0.0
0.0
0.0
0.0
0.0
0.0
0.0
0.0
0.0
0.0
0.0
0.0
0.0
0.0
0.0
0.0
0.0
0.0
0.0
0.0
0.0
0.0
0.0
0.0
0.0
0.278374419
0.25900871
0.0
0.0
0.0
0.278193601
0.0
0.0
0.0
0.0
0.0
0.0
0.0
0.0
0.0
0.0
0.0
0.0
0.0
0.0
0.0
0.0
0.0
0.0
0.0
0.0
0.0
0.0
0.0
0.0
0.0
0.0
0.0
0.0
0.0
0.0
0.0
0.0
0.0
0.0
0.0
0.0
0.0
0.0
0.0
0.0
0.0
0.0
0.0
0.0
0.267353877
0.266858535
0.287650611
0.281808969
0.211264354
0.0
0.0
0.0
0.236943284
0.0
0.0
0.0
0.0
0.0
0.199006761
0.177373448
0.146489301
0.126035206
0.1273886
0.117838329
0.0
0.0
0.0
0.0
0.0
0.0
0.0
0.0
0.206781253
0.180944768
0.164705241
0.144177762
0.138753708
0.126729722
0.114983996
0.102401845
0.094244578
0.086078988
0.071289968
0.06711139
0.057461566
0.047419396
0.041872832
0.043509022
0.038796275
0.026618805
0.025235056
0.028782613
0.025677177
0.01475068
0.006036228
0.0
0.0
0.0
0.0
0.0
0.0
0.0
0.0
0.0
0.0
0.0
0.0
0.0
0.0
0.0
0.0
0.0
0.0
0.0
0.0
0.0
0.0
0.0
0.0
0.0
0.0
0.0
0.0
0.0
0.0
0.0
0.0
0.0
0.0
0.0
0.0
0.0
0.0
0.0
0.0
0.0
0.0
0.0
0.0
0.0
0.0
0.0
0.0
0.0
0.0
0.0
0.0
0.0
0.0
0.0
0.0
0.0
0.0
0.0
0.0
0.0
0.0
0.0
0.0
0.0
0.0
0.0
0.0
0.0
0.0
0.0
0.0
0.0
0.0
0.0
0.0
0.0
0.0
0.0
0.0
0.0
0.0
0.0
0.0
0.0
0.0
0.0
0.0
0.0
0.0
0.0
0.0
0.0
0.0
0.0
0.0
0.0
0.0
0.0
0.0
0.0
0.0
0.0
0.0
0.0
0.0
0.0
0.0
0.0
0.0
0.0
0.0
0.0
0.0
0.0
0.0
0.0
7.37e-06
3.02e-05
1.77e-05
1.45e-05
1.06e-05
6.12e-06
3.5e-06
3.49e-06
0.0
0.0
0.0
0.0
0.0
0.0
0.0
0.0
0.0
0.0
0.0
0.0
0.0
0.0
0.0
3.74e-06
5.25e-05
2.06e-05
9.78e-06
6.43e-06
4.9e-06
7.28e-06
0.0
0.0
2.93e-06
0.0
0.0
0.019648306
0.019639924
0.002229762
0.001112402
0.000930749
0.000600247
0.000438662
0.00048635
0.000224406
0.000192093
0.000133539
9.84e-05
7.29e-05
0.000110419
0.000415712
0.006341226
0.058234988
0.20071042
0.153645621
0.100112236
0.011227023
0.002956244
0.002662562
0.002763366
0.00112814
0.00104931
0.000721886
0.000492619
0.000411111
0.000292824
0.000290575
0.000346046
0.000275094
0.000238536
0.000246082
0.000199249
0.000133496
0.000183131
0.000160239
0.000174792
0.000162281
0.000108729
0.000108828
0.000141381
0.000130847
0.000116868
7.61e-05
8.19e-05
9.05e-05
0.000185859
0.00016099
3.4e-05
3.71e-05
4.91e-05
4.35e-05
4.72e-05
5.21e-05
4.54e-05
4.47e-05
0.000215272
0.014975777
0.005401221
0.001786495
0.000706175
0.000411517
0.033255728
0.004816742
0.002514485
0.00212596
0.000565159
0.000884961
0.000764402
0.000389598
0.000430498
0.00034154
0.000337254
0.000229885
0.000262518
0.000180992
6.78e-05
9.66e-05
0.000734307
0.000662952
0.010558539
0.127150277
0.033781282
0.005555768
0.002557256
0.001265107
0.000792767
0.000587152
0.000471567
0.000869061
0.006829036
0.007625075
0.002240884
0.000979995
0.000599856
0.000485205
0.001950768
0.001323628
0.002752267
0.000807995
0.000663694
0.000570047
0.000897475
0.000507271
0.000266696
0.000247635
0.000231253
0.000199322
0.000181592
0.000132545
0.000110236
9.84e-05
0.000174521
0.000189683
0.000179924
0.000128804
0.000402403
0.001288772
0.000832992
0.000756126
0.000584362
0.000624799
0.000427199
0.000839578
0.002440587
0.001223316
0.001494916
0.001622822
0.004421209
0.020618033
0.002049712
0.000855045
0.000716181
0.000345625
0.000270531
0.000773637
0.00651141
0.001530351
0.001017583
0.000743567
0.000492847
0.000328082
0.000342104
0.0003116
0.000350341
0.000708878
0.000910173
0.000796232
0.000577146
0.00032922
0.000337593
0.000350096
0.000351904
0.000243301
0.000437508
0.000264355
0.000336243
0.000176462
0.000298777
0.000151461
0.000181079
0.000166226
0.000163529
0.000174707
0.000174236
0.000263267
0.000263368
0.000112411
0.00014463
0.001167957
0.000592768
0.000326842
0.000194207
0.000114096
0.000130337
0.000124623
0.000166755
9.64e-05
6.57e-05
6.76e-05
0.053299496
0.003626071
0.001043528
0.0
0.0
0.0
0.0
0.0
0.0
0.0
0.0
0.0
0.0
0.0
0.0
0.0
0.0
0.0
0.0
0.0
0.0
0.0
0.0
0.0
0.0
0.0
0.0
0.0
0.0
0.0
0.0
0.0
0.0
0.0
0.0
0.0
0.0
0.0
0.0
0.0
0.0
0.0
0.0
0.0
0.0
0.0
0.0
0.0
0.0
0.0
0.0
0.0
0.0
0.0
0.0
0.0
0.0
0.0
0.0
0.0
0.0
0.0
0.0
0.0
0.0
0.0
0.0
0.0
0.0
0.0
0.0
0.0
0.0
0.0
0.0
0.0
0.0
0.0
0.0
0.0
0.0
0.0
0.0
0.0
0.0
0.0
0.0
0.0
0.0
0.0
0.0
0.0
0.0
0.0
0.0
0.0
0.0
0.0
0.0
0.0
0.0
0.0
0.0
0.0
0.0
0.0
0.0
0.0
0.0
0.0
0.0
0.0
0.0
0.0
0.0
0.0
0.0
0.0
0.0
0.0
0.0
0.0
0.0
0.0
0.0
0.0
0.0
0.0
0.0
0.0
0.0
0.0
0.0
0.0
0.0
0.0
0.0
0.0
0.0
0.0
0.0
0.0
0.0
0.0
0.0
0.0
0.0
0.0
0.011658764
0.020939412
0.019134039
0.016814292
0.013231322
0.010263658
0.007018233
0.004630957
0.0
0.0
0.0
0.0
0.0
0.0
0.0
0.0
0.0
0.0
0.0
0.0
0.0
0.0
0.0
0.011073852
0.045627285
0.034990643
0.025276868
0.013891063
0.012084238
0.010343282
0.0
0.0
0.004794913
0.0
0.0



1.460419941
1.04040854
0.90891386
0.748314099
0.620661655
0.47323021
0.387284413
0.310194989
0.22959567
0.175334704
0.206275072
0.525818101
2.203191539







2.929777787
1.889998604
1.447524247
1.156682756
0.92043955
0.749518457
0.677677133
0.641587808
0.56626753
0.472184009
0.399089451
0.385285353
0.302810462
0.262787346
0.345594887
0.269444369
0.26053333
0.280617059
0.205110495
0.19139668
0.217643136
0.238467439
0.227324603
0.164109444
0.17752065
0.18120312
0.21221633
0.183506607
0.116290319
0.138477965
0.144105927
0.143436279
0.143542665
0.143913948
0.128047646
0.117342925
0.164858529


1.122029047
0.975379578
0.823857923



1.526940963
1.127387454
0.999278456
0.681771032
0.467256248
0.48300038
0.388245562
0.379064439
0.395398994
0.367415313
0.250716496
0.250777041
0.243218074
1.316199004
1.305024505





1.59554439
1.207198435
0.931542979
0.75499046
0.662065826



1.620630235
1.107971293
0.887190786
1.176082534
1.234151621
2.833007275
1.730182981
1.164375714
0.871631987
0.746030843
0.526761237
0.429462941
0.425490165
0.394629599
0.346045006
0.334423368
0.285657204
0.278374419
0.25900871
0.312201701
0.335128229
0.298877879
0.278193601
0.775342606
1.458712036
1.059112211
1.230874106
1.070259475
0.967181728
0.834372366
0.744967514
1.940207404
1.571779326
1.216731016
0.966560251
2.07636755


1.580489313
0.943087596
0.755290686
0.62554598
0.574127468


1.349937909
1.097839497
0.880792299
0.767622406
0.706119411
0.665716738
0.61639998
0.92062067
1.772144376
1.215992693
0.887925
0.838514763
0.743761767
0.617190792
0.547596879
0.487568988
0.441080768
0.391520982
0.3921205
0.35377349
0.30811278
0.283327005
0.267353877
0.266858535
0.287650611
0.281808969
0.211264354
0.355142167
0.37351888
0.269682285
0.236943284
0.503299574
0.600636316
0.374732905
0.307565848
0.260308655
0.199006761
0.177373448
0.146489301
0.126035206
0.1273886
0.117838329



0.930035474
0.654170639
0.508900523
0.372827215
0.272518046
0.206781253
0.180944768
0.164705241
0.144177762
0.138753708
0.126729722
0.114983996
0.102401845
0.094244578
0.086078988
0.071289968
0.06711139
0.057461566
0.047419396
0.041872832
0.043509022
0.038796275
0.026618805
0.025235056
0.028782613
0.025677177
0.01475068
0.006036228
0.0
0.0
0.0
0.0
0.0
0.0
0.0
0.0
0.0
0.0
0.0
0.0
0.0
0.0
0.0
0.0
0.0
0.0
0.0
0.0
0.0
0.0
0.0
0.0
0.0
0.0
0.0
0.0
0.0
0.0
0.0
0.0
0.0
0.0
0.0
0.0
0.0
0.0
0.0
0.0
0.0
0.0
0.0
0.0
0.0
0.0
0.0
0.0
0.0
0.0
0.0
0.0
0.0
0.0
0.0
0.0
0.0
0.0
0.0
0.0
0.0
0.0
0.0
0.0
0.0
0.0
0.0
0.0
0.0
0.0
0.0
0.0
0.0
0.0
0.0
0.0
0.0
0.0
0.0
0.0
0.0
0.0
0.0
0.0
0.0
0.0
0.0
0.0
0.0
0.0
0.0
0.0
0.0
0.0
0.0
0.0
0.0
0.0
0.0
0.0
0.0
0.0
0.0
0.0
0.0
0.0
0.0
0.0
0.0
0.0
0.0
0.0
0.0
0.0
0.0
0.0
0.0
7.37e-06
3.02e-05
1.77e-05
1.45e-05
1.06e-05
6.12e-06
3.5e-06
3.49e-06
0.0
0.0
0.0
0.0
0.0
0.0
0.0
0.0
0.0
0.0
0.0
0.0
0.0
0.0
0.0
3.74e-06
5.25e-05
2.06e-05
9.78e-06
6.43e-06
4.9e-06
7.28e-06
0.0
0.0
2.93e-06
0.0
0.0
0.019648306
0.019639924
0.002229762
0.001112402
0.000930749
0.000600247
0.000438662
0.00048635
0.000224406
0.000192093
0.000133539
9.84e-05
7.29e-05
0.000110419
0.000415712
0.006341226
0.058234988
0.20071042
0.153645621
0.100112236
0.011227023
0.002956244
0.002662562
0.002763366
0.00112814
0.00104931
0.000721886
0.000492619
0.000411111
0.000292824
0.000290575
0.000346046
0.000275094
0.000238536
0.000246082
0.000199249
0.000133496
0.000183131
0.000160239
0.000174792
0.000162281
0.000108729
0.000108828
0.000141381
0.000130847
0.000116868
7.61e-05
8.19e-05
9.05e-05
0.000185859
0.00016099
3.4e-05
3.71e-05
4.91e-05
4.35e-05
4.72e-05
5.21e-05
4.54e-05
4.47e-05
0.000215272
0.014975777
0.005401221
0.001786495
0.000706175
0.000411517
0.033255728
0.004816742
0.002514485
0.00212596
0.000565159
0.000884961
0.000764402
0.000389598
0.000430498
0.00034154
0.000337254
0.000229885
0.000262518
0.000180992
6.78e-05
9.66e-05
0.000734307
0.000662952
0.010558539
0.127150277
0.033781282
0.005555768
0.002557256
0.001265107
0.000792767
0.000587152
0.000471567
0.000869061
0.006829036
0.007625075
0.002240884
0.000979995
0.000599856
0.000485205
0.001950768
0.001323628
0.002752267
0.000807995
0.000663694
0.000570047
0.000897475
0.000507271
0.000266696
0.000247635
0.000231253
0.000199322
0.000181592
0.000132545
0.000110236
9.84e-05
0.000174521
0.000189683
0.000179924
0.000128804
0.000402403
0.001288772
0.000832992
0.000756126
0.000584362
0.000624799
0.000427199
0.000839578
0.002440587
0.001223316
0.001494916
0.001622822
0.004421209
0.020618033
0.002049712
0.000855045
0.000716181
0.000345625
0.000270531
0.000773637
0.00651141
0.001530351
0.001017583
0.000743567
0.000492847
0.000328082
0.000342104
0.0003116
0.000350341
0.000708878
0.000910173
0.000796232
0.000577146
0.00032922
0.000337593
0.000350096
0.000351904
0.000243301
0.000437508
0.000264355
0.000336243
0.000176462
0.000298777
0.000151461
0.000181079
0.000166226
0.000163529
0.000174707
0.000174236
0.000263267
0.000263368
0.000112411
0.00014463
0.001167957
0.000592768
0.000326842
0.000194207
0.000114096
0.000130337
0.000124623
0.000166755
9.64e-05
6.57e-05
6.76e-05
0.053299496
0.003626071
0.001043528
0.0
0.0
0.0
0.0
0.0
0.0
0.0
0.0
0.0
0.0
0.0
0.0
0.0
0.0
0.0
0.0
0.0
0.0
0.0
0.0
0.0
0.0
0.0
0.0
0.0
0.0
0.0
0.0
0.0
0.0
0.0
0.0
0.0
0.0
0.0
0.0
0.0
0.0
0.0
0.0
0.0
0.0
0.0
0.0
0.0
0.0
0.0
0.0
0.0
0.0
0.0
0.0
0.0
0.0
0.0
0.0
0.0
0.0
0.0
0.0
0.0
0.0
0.0
0.0
0.0
0.0
0.0
0.0
0.0
0.0
0.0
0.0
0.0
0.0
0.0
0.0
0.0
0.0
0.0
0.0
0.0
0.0
0.0
0.0
0.0
0.0
0.0
0.0
0.0
0.0
0.0
0.0
0.0
0.0
0.0
0.0
0.0
0.0
0.0
0.0
0.0
0.0
0.0
0.0
0.0
0.0
0.0
0.0
0.0
0.0
0.0
0.0
0.0
0.0
0.0
0.0
0.0
0.0
0.0
0.0
0.0
0.0
0.0
0.0
0.0
0.0
0.0
0.0
0.0
0.0
0.0
0.0
0.0
0.0
0.0
0.0
0.0
0.0
0.0
0.0
0.0
0.0
0.0
0.0
0.0
0.011658764
0.020939412
0.019134039
0.016814292
0.013231322
0.010263658
0.007018233
0.004630957
0.0
0.0
0.0
0.0
0.0
0.0
0.0
0.0
0.0
0.0
0.0
0.0
0.0
0.0
0.0
0.011073852
0.045627285
0.034990643
0.025276868
0.013891063
0.012084238
0.010343282
0.0
0.0
0.004794913
0.0
0.0



1.460419941
1.04040854
0.90891386
0.748314099
0.620661655
0.47323021
0.387284413
0.310194989
0.22959567
0.175334704
0.206275072
0.525818101
2.203191539







2.929777787
1.889998604
1.447524247
1.156682756
0.92043955
0.749518457
0.677677133
0.641587808
0.56626753
0.472184009
0.399089451
0.385285353
0.302810462
0.262787346
0.345594887
0.269444369
0.26053333
0.280617059
0.205110495
0.19139668
0.217643136
0.238467439
0.227324603
0.164109444
0.17752065
0.18120312
0.21221633
0.183506607
0.116290319
0.138477965
0.144105927
0.143436279
0.143542665
0.143913948
0.128047646
0.117342925
0.164858529


1.122029047
0.975379578
0.823857923



1.526940963
1.127387454
0.999278456
0.681771032
0.467256248
0.48300038
0.388245562
0.379064439
0.395398994
0.367415313
0.250716496
0.250777041
0.243218074
1.316199004
1.305024505





1.59554439
1.207198435
0.931542979
0.75499046
0.662065826



1.620630235
1.107971293
0.887190786
1.176082534
1.234151621
2.833007275
1.730182981
1.164375714
0.871631987
0.746030843
0.526761237
0.429462941
0.425490165
0.394629599
0.346045006
0.334423368
0.285657204
0.278374419
0.25900871
0.312201701
0.335128229
0.298877879
0.278193601
0.775342606
1.458712036
1.059112211
1.230874106
1.070259475
0.967181728
0.834372366
0.744967514
1.940207404
1.571779326
1.216731016
0.966560251
2.07636755


1.580489313
0.943087596
0.755290686
0.62554598
0.574127468


1.349937909
1.097839497
0.880792299
0.767622406
0.706119411
0.665716738
0.61639998
0.92062067
1.772144376
1.215992693
0.887925
0.838514763
0.743761767
0.617190792
0.547596879
0.487568988
0.441080768
0.391520982
0.3921205
0.35377349
0.30811278
0.283327005
0.267353877
0.266858535
0.287650611
0.281808969
0.211264354
0.355142167
0.37351888
0.269682285
0.236943284
0.503299574
0.600636316
0.374732905
0.307565848
0.260308655
0.199006761
0.177373448
0.146489301
0.126035206
0.1273886
0.117838329



0.930035474
0.654170639
0.508900523
0.372827215
0.272518046
0.206781253
0.180944768
0.164705241
0.144177762
0.138753708
0.126729722
0.114983996
0.102401845
0.094244578
0.086078988
0.071289968
0.06711139
0.057461566
0.047419396
0.041872832
0.043509022
0.038796275
0.026618805
0.025235056
0.028782613
0.025677177
0.01475068
0.006036228
0.0
0.0
0.0
0.0
0.0
0.0
0.0
0.0
0.0
0.0
0.0
0.0
0.0
0.0
0.0
0.0
0.0
0.0
0.0
0.0
0.0
0.0
0.0
0.0
0.0
0.0
0.0
0.0
0.0
0.0
0.0
0.0
0.0
0.0
0.0
0.0
0.0
0.0
0.0
0.0
0.0
0.0
0.0
0.0
0.0
0.0
0.0
0.0
0.0
0.0
0.0
0.0
0.0
0.0
0.0
0.0
0.0
0.0
0.0
0.0
0.0
0.0
0.0
0.0
0.0
0.0
0.0
0.0
0.0
0.0
0.0
0.0
0.0
0.0
0.0
0.0
0.0
0.0
0.0
0.0
0.0
0.0
0.0
0.0
0.0
0.0
0.0
0.0
0.0
0.0
0.0
0.0
0.0
0.0
0.0
0.0
0.0
0.0
0.0
0.0
0.0
0.0
0.0
0.0
0.0
0.0
0.0
0.0
0.0
0.0
0.0
0.0
0.0
0.0
0.0
0.0
0.0
7.37e-06
3.02e-05
1.77e-05
1.45e-05
1.06e-05
6.12e-06
3.5e-06
3.49e-06
0.0
0.0
0.0
0.0
0.0
0.0
0.0
0.0
0.0
0.0
0.0
0.0
0.0
0.0
0.0
3.74e-06
5.25e-05
2.06e-05
9.78e-06
6.43e-06
4.9e-06
7.28e-06
0.0
0.0
2.93e-06
0.0
0.0
0.019648306
0.019639924
0.002229762
0.001112402
0.000930749
0.000600247
0.000438662
0.00048635
0.000224406
0.000192093
0.000133539
9.84e-05
7.29e-05
0.000110419
0.000415712
0.006341226
0.058234988
0.20071042
0.153645621
0.100112236
0.011227023
0.002956244
0.002662562
0.002763366
0.00112814
0.00104931
0.000721886
0.000492619
0.000411111
0.000292824
0.000290575
0.000346046
0.000275094
0.000238536
0.000246082
0.000199249
0.000133496
0.000183131
0.000160239
0.000174792
0.000162281
0.000108729
0.000108828
0.000141381
0.000130847
0.000116868
7.61e-05
8.19e-05
9.05e-05
0.000185859
0.00016099
3.4e-05
3.71e-05
4.91e-05
4.35e-05
4.72e-05
5.21e-05
4.54e-05
4.47e-05
0.000215272
0.014975777
0.005401221
0.001786495
0.000706175
0.000411517
0.033255728
0.004816742
0.002514485
0.00212596
0.000565159
0.000884961
0.000764402
0.000389598
0.000430498
0.00034154
0.000337254
0.000229885
0.000262518
0.000180992
6.78e-05
9.66e-05
0.000734307
0.000662952
0.010558539
0.127150277
0.033781282
0.005555768
0.002557256
0.001265107
0.000792767
0.000587152
0.000471567
0.000869061
0.006829036
0.007625075
0.002240884
0.000979995
0.000599856
0.000485205
0.001950768
0.001323628
0.002752267
0.000807995
0.000663694
0.000570047
0.000897475
0.000507271
0.000266696
0.000247635
0.000231253
0.000199322
0.000181592
0.000132545
0.000110236
9.84e-05
0.000174521
0.000189683
0.000179924
0.000128804
0.000402403
0.001288772
0.000832992
0.000756126
0.000584362
0.000624799
0.000427199
0.000839578
0.002440587
0.001223316
0.001494916
0.001622822
0.004421209
0.020618033
0.002049712
0.000855045
0.000716181
0.000345625
0.000270531
0.000773637
0.00651141
0.001530351
0.001017583
0.000743567
0.000492847
0.000328082
0.000342104
0.0003116
0.000350341
0.000708878
0.000910173
0.000796232
0.000577146
0.00032922
0.000337593
0.000350096
0.000351904
0.000243301
0.000437508
0.000264355
0.000336243
0.000176462
0.000298777
0.000151461
0.000181079
0.000166226
0.000163529
0.000174707
0.000174236
0.000263267
0.000263368
0.000112411
0.00014463
0.001167957
0.000592768
0.000326842
0.000194207
0.000114096
0.000130337
0.000124623
0.000166755
9.64e-05
6.57e-05
6.76e-05
0.053299496
0.003626071
0.001043528
0.0
0.0
0.0
0.0
0.0
0.0
0.0
0.0
0.0
0.0
0.0
0.0
0.0
0.0
0.0
0.0
0.0
0.0
0.0
0.0
0.0
0.0
0.0
0.0
0.0
0.0
0.0
0.0
0.0
0.0
0.0
0.0
0.0
0.0
0.0
0.0
0.0
0.0
0.0
0.0
0.0
0.0
0.0
0.0
0.0
0.0
0.0
0.0
0.0
0.0
0.0
0.0
0.0
0.0
0.0
0.0
0.0
0.0
0.0
0.0
0.0
0.0
0.0
0.0
0.0
0.0
0.0
0.0
0.0
0.0
0.0
0.0
0.0
0.0
0.0
0.0
0.0
0.0
0.0
0.0
0.0
0.0
0.0
0.0
0.0
0.0
0.0
0.0
0.0
0.0
0.0
0.0
0.0
0.0
0.0
0.0
0.0
0.0
0.0
0.0
0.0
0.0
0.0
0.0
0.0
0.0
0.0
0.0
0.0
0.0
0.0
0.0
0.0
0.0
0.0
0.0
0.0
0.0
0.0
0.0
0.0
0.0
0.0
0.0
0.0
0.0
0.0
0.0
0.0
0.0
0.0
0.0
0.0
0.0
0.0
0.0
0.0
0.0
0.0
0.0
0.0
0.0
0.0
0.0
0.0
0.011658764
0.020939412
0.019134039
0.016814292
0.013231322
0.010263658
0.007018233
0.004630957
0.0
0.0
0.0
0.0
0.0
0.0
0.0
0.0
0.0
0.0
0.0
0.0
0.0
0.0
0.0
0.011073852
0.045627285
0.034990643
0.025276868
0.013891063
0.012084238
0.010343282
0.0
0.0
0.004794913
0.0
0.0



1.460419941
1.04040854
0.90891386
0.748314099
0.620661655
0.47323021
0.387284413
0.310194989
0.22959567
0.175334704
0.206275072
0.525818101
2.203191539







2.929777787
1.889998604
1.447524247
1.156682756
0.92043955
0.749518457
0.677677133
0.641587808
0.56626753
0.472184009
0.399089451
0.385285353
0.302810462
0.262787346
0.345594887
0.269444369
0.26053333
0.280617059
0.205110495
0.19139668
0.217643136
0.238467439
0.227324603
0.164109444
0.17752065
0.18120312
0.21221633
0.183506607
0.116290319
0.138477965
0.144105927
0.143436279
0.143542665
0.143913948
0.128047646
0.117342925
0.164858529


1.122029047
0.975379578
0.823857923



1.526940963
1.127387454
0.999278456
0.681771032
0.467256248
0.48300038
0.388245562
0.379064439
0.395398994
0.367415313
0.250716496
0.250777041
0.243218074
1.316199004
1.305024505





1.59554439
1.207198435
0.931542979
0.75499046
0.662065826



1.620630235
1.107971293
0.887190786
1.176082534
1.234151621
2.833007275
1.730182981
1.164375714
0.871631987
0.746030843
0.526761237
0.429462941
0.425490165
0.394629599
0.346045006
0.334423368
0.285657204
0.278374419
0.25900871
0.312201701
0.335128229
0.298877879
0.278193601
0.775342606
1.458712036
1.059112211
1.230874106
1.070259475
0.967181728
0.834372366
0.744967514
1.940207404
1.571779326
1.216731016
0.966560251
2.07636755


1.580489313
0.943087596
0.755290686
0.62554598
0.574127468


1.349937909
1.097839497
0.880792299
0.767622406
0.706119411
0.665716738
0.61639998
0.92062067
1.772144376
1.215992693
0.887925
0.838514763
0.743761767
0.617190792
0.547596879
0.487568988
0.441080768
0.391520982
0.3921205
0.35377349
0.30811278
0.283327005
0.267353877
0.266858535
0.287650611
0.281808969
0.211264354
0.355142167
0.37351888
0.269682285
0.236943284
0.503299574
0.600636316
0.374732905
0.307565848
0.260308655
0.199006761
0.177373448
0.146489301
0.126035206
0.1273886
0.117838329



0.930035474
0.654170639
0.508900523
0.372827215
0.272518046
0.206781253
0.180944768
0.164705241
0.144177762
0.138753708
0.126729722
0.114983996
0.102401845
0.094244578
0.086078988
0.071289968
0.06711139
0.057461566
0.047419396
0.041872832
0.043509022
0.038796275
0.026618805
0.025235056
0.028782613
0.025677177
0.01475068
0.006036228
0.0
0.0
0.0
0.0
0.0
0.0
0.0
0.0
0.0
0.0
0.0
0.0
0.0
0.0
0.0
0.0
0.0
0.0
0.0
0.0
0.0
0.0
0.0
0.0
0.0
0.0
0.0
0.0
0.0
0.0
0.0
0.0
0.0
0.0
0.0
0.0
0.0
0.0
0.0
0.0
0.0
0.0
0.0
0.0
0.0
0.0
0.0
0.0
0.0
0.0
0.0
0.0
0.0
0.0
0.0
0.0
0.0
0.0
0.0
0.0
0.0
0.0
0.0
0.0
0.0
0.0
0.0
0.0
0.0
0.0
0.0
0.0
0.0
0.0
0.0
0.0
0.0
0.0
0.0
0.0
0.0
0.0
0.0
0.0
0.0
0.0
0.0
0.0
0.0
0.0
0.0
0.0
0.0
0.0
0.0
0.0
0.0
0.0
0.0
0.0
0.0
0.0
0.0
0.0
0.0
0.0
0.0
0.0
0.0
0.0
0.0
0.0
0.0
0.0
0.0
0.0
0.0
7.37e-06
3.02e-05
1.77e-05
1.45e-05
1.06e-05
6.12e-06
3.5e-06
3.49e-06
0.0
0.0
0.0
0.0
0.0
0.0
0.0
0.0
0.0
0.0
0.0
0.0
0.0
0.0
0.0
3.74e-06
5.25e-05
2.06e-05
9.78e-06
6.43e-06
4.9e-06
7.28e-06
0.0
0.0
2.93e-06
0.0
0.0
0.019648306
0.019639924
0.002229762
0.001112402
0.000930749
0.000600247
0.000438662
0.00048635
0.000224406
0.000192093
0.000133539
9.84e-05
7.29e-05
0.000110419
0.000415712
0.006341226
0.058234988
0.20071042
0.153645621
0.100112236
0.011227023
0.002956244
0.002662562
0.002763366
0.00112814
0.00104931
0.000721886
0.000492619
0.000411111
0.000292824
0.000290575
0.000346046
0.000275094
0.000238536
0.000246082
0.000199249
0.000133496
0.000183131
0.000160239
0.000174792
0.000162281
0.000108729
0.000108828
0.000141381
0.000130847
0.000116868
7.61e-05
8.19e-05
9.05e-05
0.000185859
0.00016099
3.4e-05
3.71e-05
4.91e-05
4.35e-05
4.72e-05
5.21e-05
4.54e-05
4.47e-05
0.000215272
0.014975777
0.005401221
0.001786495
0.000706175
0.000411517
0.033255728
0.004816742
0.002514485
0.00212596
0.000565159
0.000884961
0.000764402
0.000389598
0.000430498
0.00034154
0.000337254
0.000229885
0.000262518
0.000180992
6.78e-05
9.66e-05
0.000734307
0.000662952
0.010558539
0.127150277
0.033781282
0.005555768
0.002557256
0.001265107
0.000792767
0.000587152
0.000471567
0.000869061
0.006829036
0.007625075
0.002240884
0.000979995
0.000599856
0.000485205
0.001950768
0.001323628
0.002752267
0.000807995
0.000663694
0.000570047
0.000897475
0.000507271
0.000266696
0.000247635
0.000231253
0.000199322
0.000181592
0.000132545
0.000110236
9.84e-05
0.000174521
0.000189683
0.000179924
0.000128804
0.000402403
0.001288772
0.000832992
0.000756126
0.000584362
0.000624799
0.000427199
0.000839578
0.002440587
0.001223316
0.001494916
0.001622822
0.004421209
0.020618033
0.002049712
0.000855045
0.000716181
0.000345625
0.000270531
0.000773637
0.00651141
0.001530351
0.001017583
0.000743567
0.000492847
0.000328082
0.000342104
0.0003116
0.000350341
0.000708878
0.000910173
0.000796232
0.000577146
0.00032922
0.000337593
0.000350096
0.000351904
0.000243301
0.000437508
0.000264355
0.000336243
0.000176462
0.000298777
0.000151461
0.000181079
0.000166226
0.000163529
0.000174707
0.000174236
0.000263267
0.000263368
0.000112411
0.00014463
0.001167957
0.000592768
0.000326842
0.000194207
0.000114096
0.000130337
0.000124623
0.000166755
9.64e-05
6.57e-05
6.76e-05
0.053299496
0.003626071
0.001043528
0.0
0.0
0.0
0.0
0.0
0.0
0.0
0.0
0.0
0.0
0.0
0.0
0.0
0.0
0.0
0.0
0.0
0.0
0.0
0.0
0.0
0.0
0.0
0.0
0.0
0.0
0.0
0.0
0.0
0.0
0.0
0.0
0.0
0.0
0.0
0.0
0.0
0.0
0.0
0.0
0.0
0.0
0.0
0.0
0.0
0.0
0.0
0.0
0.0
0.0
0.0
0.0
0.0
0.0
0.0
0.0
0.0
0.0
0.0
0.0
0.0
0.0
0.0
0.0
0.0
0.0
0.0
0.0
0.0
0.0
0.0
0.0
0.0
0.0
0.0
0.0
0.0
0.0
0.0
0.0
0.0
0.0
0.0
0.0
0.0
0.0
0.0
0.0
0.0
0.0
0.0
0.0
0.0
0.0
0.0
0.0
0.0
0.0
0.0
0.0
0.0
0.0
0.0
0.0
0.0
0.0
0.0
0.0
0.0
0.0
0.0
0.0
0.0
0.0
0.0
0.0
0.0
0.0
0.0
0.0
0.0
0.0
0.0
0.0
0.0
0.0
0.0
0.0
0.0
0.0
0.0
0.0
0.0
0.0
0.0
0.0
0.0
0.0
0.0
0.0
0.0
0.0
0.0
0.0
0.0
0.0
0.0
0.0
0.0
0.0
0.0
0.0
0.004630957
0.0
0.0
0.0
0.0
0.0
0.0
0.0
0.0
0.0
0.0
0.0
0.0
0.0
0.0
0.0
0.0
0.0
0.0
0.0
0.0
0.0
0.0
0.0
0.0
0.004794913
0.0
0.0
0.0
0.0
0.0
0.0
0.0
0.0
0.0
0.0
0.0
0.0
0.0
0.0
0.0
0.0
0.0
0.0
0.0
0.0
0.0
0.0
0.0
0.0
0.0
0.0
0.0
0.0
0.0
0.0
0.0
0.0
0.0
0.0
0.0
0.0
0.0
0.0
0.0
0.0
0.0
0.0
0.0
0.0
0.0
0.0
0.0
0.0
0.0
0.0
0.0
0.0
0.0
0.0
0.0
0.0
0.0
0.0
0.0
0.0
0.0
0.0
0.0
0.0
0.0
0.0
0.0
0.0
0.0
0.0
0.0
0.0
0.0
0.0
0.0
0.0
0.0
0.0
0.0
0.0
0.0
0.0
0.0
0.0
0.0
0.0
0.0
0.0
0.0
0.0
0.0
0.0
0.0
0.0
0.0
0.0
0.0
0.0
0.0
0.0
0.0
0.0
0.0
0.0
0.0
0.0
0.0
0.0
0.0
0.0
0.0
0.0
0.0
0.0
0.0
0.0
0.0
0.0
0.0
0.0
0.0
0.0
0.0
0.0
0.0
0.0
0.0
0.0
0.0
0.0
0.0
0.0
0.0
0.0
0.0
0.0
0.0
0.0
0.0
0.0
0.0
0.0
0.0
0.0
0.0
0.0
0.0
0.0
0.0
0.0
0.0
0.0
0.0
0.0
0.0
0.0
0.0
0.0
0.0
0.0
0.0
0.0
0.0
0.0
0.0
0.0
0.0
0.0
0.0
0.0
0.0
0.0
0.0
0.0
0.0
0.0
0.0
0.0
0.0
0.0
0.0
0.0
0.0
0.0
0.0
0.0
0.0
0.0
0.0
0.0
0.0
0.0
0.0
0.0
0.0
0.0
0.0
0.0
0.0
0.0
0.0
0.0
0.0
0.0
0.0
0.0
0.0
0.0
0.0
0.0
0.0
0.0
0.0
0.0
0.0
0.0
0.0
0.0
0.0
0.0
0.0
0.0
0.0
0.0
0.0
0.0
0.0
0.0
0.0
0.0
0.0
0.0
0.0
0.0
0.0
0.0
0.0
0.0
0.0
0.0
0.0
0.0
0.0
0.0
0.0
0.0
0.0
0.0
0.0
0.0
0.0
0.0
0.0
0.0
0.0
0.0
0.0
0.0
0.0
0.0
0.0
0.0
0.0
0.0
0.0
0.0
0.0
0.0
0.0
0.0
0.0
0.0
0.0
0.0
0.0
0.0
0.0
0.0
0.0
0.0
0.0
0.0
0.0
0.0
0.0
0.0
0.0
0.0
0.0
0.0
0.0
0.0
0.0
0.0
0.0
0.0
0.0
0.0
0.0
0.0
0.0
0.0
0.0
0.0
0.0
0.0
0.0
0.0
0.0
0.0
0.0
0.0
0.0
0.0
0.0
0.0
0.0
0.0
0.0
0.0
0.0
0.0
0.0
0.0
0.0
0.0
0.0
0.0
0.0
0.0
0.0
0.0
0.0
7.37e-06
3.02e-05
1.77e-05
1.45e-05
1.06e-05
6.12e-06
3.5e-06
3.49e-06
0.0
0.0
0.0
0.0
0.0
0.0
0.0
0.0
0.0
0.0
0.0
0.0
0.0
0.0
0.0
3.74e-06
5.25e-05
2.06e-05
9.78e-06
6.43e-06
4.9e-06
7.28e-06
0.0
0.0
2.93e-06
0.0
0.0
0.0
0.0
0.0
0.001112402
0.000930749
0.000600247
0.000438662
0.00048635
0.000224406
0.000192093
0.000133539
9.84e-05
7.29e-05
0.000110419
0.000415712
0.006341226
0.0
0.0
0.0
0.0
0.0
0.0
0.002662562
0.002763366
0.00112814
0.00104931
0.000721886
0.000492619
0.000411111
0.000292824
0.000290575
0.000346046
0.000275094
0.000238536
0.000246082
0.000199249
0.000133496
0.000183131
0.000160239
0.000174792
0.000162281
0.000108729
0.000108828
0.000141381
0.000130847
0.000116868
7.61e-05
8.19e-05
9.05e-05
0.000185859
0.00016099
3.4e-05
3.71e-05
4.91e-05
4.35e-05
4.72e-05
5.21e-05
4.54e-05
4.47e-05
0.000215272
0.0
0.0
0.001786495
0.000706175
0.000411517
0.0
0.0
0.002514485
0.00212596
0.000565159
0.000884961
0.000764402
0.000389598
0.000430498
0.00034154
0.000337254
0.000229885
0.000262518
0.000180992
6.78e-05
9.66e-05
0.000734307
0.000662952
0.0
0.0
0.0
0.0
0.002557256
0.001265107
0.000792767
0.000587152
0.000471567
0.000869061
0.006829036
0.007625075
0.002240884
0.000979995
0.000599856
0.000485205
0.001950768
0.001323628
0.002752267
0.000807995
0.000663694
0.000570047
0.000897475
0.000507271
0.000266696
0.000247635
0.000231253
0.000199322
0.000181592
0.000132545
0.000110236
9.84e-05
0.000174521
0.000189683
0.000179924
0.000128804
0.000402403
0.001288772
0.000832992
0.000756126
0.000584362
0.000624799
0.000427199
0.000839578
0.002440587
0.001223316
0.001494916
0.001622822
0.004421209
0.0
0.0
0.000855045
0.000716181
0.000345625
0.000270531
0.000773637
0.00651141
0.001530351
0.001017583
0.000743567
0.000492847
0.000328082
0.000342104
0.0003116
0.000350341
0.000708878
0.000910173
0.000796232
0.000577146
0.00032922
0.000337593
0.000350096
0.000351904
0.000243301
0.000437508
0.000264355
0.000336243
0.000176462
0.000298777
0.000151461
0.000181079
0.000166226
0.000163529
0.000174707
0.000174236
0.000263267
0.000263368
0.000112411
0.00014463
0.001167957
0.000592768
0.000326842
0.000194207
0.000114096
0.000130337
0.000124623
0.000166755
9.64e-05
6.57e-05
6.76e-05
0.0
0.0
0.001043528
0.0
0.0
0.0
0.0
0.0
0.0
0.0
0.0
0.0
0.0
0.0
0.0
0.0
0.0
0.0
0.0
0.0
0.0
0.0
0.0
0.0
0.0
0.0
0.0
0.0
0.0
0.0
0.0
0.0
0.0
0.0
0.0
0.0
0.0
0.0
0.0
0.0
0.0
0.0
0.0
0.0
0.0
0.0
0.0
0.0
0.0
0.0
0.0
0.0
0.0
0.0
0.0
0.0
0.0
0.0
0.0
0.0
0.0
0.0
0.0
0.0
0.0
0.0
0.0
0.0
0.0
0.0
0.0
0.0
0.0
0.0
0.0
0.0
0.0
0.0
0.0
0.0
0.0
0.0
0.0
0.0
0.0
0.0
0.0
0.0
0.0
0.0
0.0
0.0
0.0
0.0
0.0
0.0
0.0
0.0
0.0
0.0
0.0
0.0
0.0
0.0
0.0
0.0
0.0
0.0
0.0
0.0
0.0
0.0
0.0
0.0
0.0
0.0
0.0
0.0
0.0
0.0
0.0
0.0
0.0
0.0
0.0
0.0
0.0
0.0
0.0
0.0
0.0
0.0
0.0
0.0
0.0
0.0
0.0
0.0
0.0
0.0
0.0
0.0
0.0
0.0
0.0
0.0
0.0
0.0
0.0
0.0
0.0
0.0
0.0
0.0
0.0
0.004630957
0.0
0.0
0.0
0.0
0.0
0.0
0.0
0.0
0.0
0.0
0.0
0.0
0.0
0.0
0.0
0.0
0.0
0.0
0.0
0.0
0.0
0.0
0.0
0.0
0.004794913
0.0
0.0
0.0
0.0
0.0
0.0
0.0
0.0
0.0
0.0
0.0
0.0
0.0
0.0
0.0
0.0
0.0
0.0
0.0
0.0
0.0
0.0
0.0
0.0
0.0
0.0
0.0
0.0
0.0
0.0
0.0
0.0
0.0
0.0
0.0
0.0
0.0
0.0
0.0
0.0
0.0
0.0
0.0
0.0
0.0
0.0
0.0
0.0
0.0
0.0
0.0
0.0
0.0
0.0
0.0
0.0
0.0
0.0
0.0
0.0
0.0
0.0
0.0
0.0
0.0
0.0
0.0
0.0
0.0
0.0
0.0
0.0
0.0
0.0
0.0
0.0
0.0
0.0
0.0
0.0
0.0
0.0
0.0
0.0
0.0
0.0
0.0
0.0
0.0
0.0
0.0
0.0
0.0
0.0
0.0
0.0
0.0
0.0
0.0
0.0
0.0
0.0
0.0
0.0
0.0
0.0
0.0
0.0
0.0
0.0
0.0
0.0
0.0
0.0
0.0
0.0
0.0
0.0
0.0
0.0
0.0
0.0
0.0
0.0
0.0
0.0
0.0
0.0
0.0
0.0
0.0
0.0
0.0
0.0
0.0
0.0
0.0
0.0
0.0
0.0
0.0
0.0
0.0
0.0
0.0
0.0
0.0
0.0
0.0
0.0
0.0
0.0
0.0
0.0
0.0
0.0
0.0
0.0
0.0
0.0
0.0
0.0
0.0
0.0
0.0
0.0
0.0
0.0
0.0
0.0
0.0
0.0
0.0
0.0
0.0
0.0
0.0
0.0
0.0
0.0
0.0
0.0
0.0
0.0
0.0
0.0
0.0
0.0
0.0
0.0
0.0
0.0
0.0
0.0
0.0
0.0
0.0
0.0
0.0
0.0
0.0
0.0
0.0
0.0
0.0
0.0
0.0
0.0
0.0
0.0
0.0
0.0
0.0
0.0
0.0
0.0
0.0
0.0
0.0
0.0
0.0
0.0
0.0
0.0
0.0
0.0
0.0
0.0
0.0
0.0
0.0
0.0
0.0
0.0
0.0
0.0
0.0
0.0
0.0
0.0
0.0
0.0
0.0
0.0
0.0
0.0
0.0
0.0
0.0
0.0
0.0
0.0
0.0
0.0
0.0
0.0
0.0
0.0
0.0
0.0
0.0
0.0
0.0
0.0
0.0
0.0
0.0
0.0
0.0
0.0
0.0
0.0
0.0
0.0
0.0
0.0
0.0
0.0
0.0
0.0
0.0
0.0
0.0
0.0
0.0
0.0
0.0
0.0
0.0
0.0
0.0
0.0
0.0
0.0
0.0
0.0
0.0
0.0
0.0
0.0
0.0
0.0
0.0
0.0
0.0
0.0
0.0
0.0
0.0
0.0
0.0
0.0
0.0
0.0
0.0
0.0
0.0
0.0
0.0
0.0
0.0
0.0
0.0
0.0
0.0
0.0
0.0
0.0
0.0
0.0
0.0
0.0
0.0
7.37e-06
3.02e-05
1.77e-05
1.45e-05
1.06e-05
6.12e-06
3.5e-06
3.49e-06
0.0
0.0
0.0
0.0
0.0
0.0
0.0
0.0
0.0
0.0
0.0
0.0
0.0
0.0
0.0
3.74e-06
5.25e-05
2.06e-05
9.78e-06
6.43e-06
4.9e-06
7.28e-06
0.0
0.0
2.93e-06
0.0
0.0
0.0
0.0
0.0
0.001112402
0.000930749
0.000600247
0.000438662
0.00048635
0.000224406
0.000192093
0.000133539
9.84e-05
7.29e-05
0.000110419
0.000415712
0.006341226
0.0
0.0
0.0
0.0
0.0
0.0
0.002662562
0.002763366
0.00112814
0.00104931
0.000721886
0.000492619
0.000411111
0.000292824
0.000290575
0.000346046
0.000275094
0.000238536
0.000246082
0.000199249
0.000133496
0.000183131
0.000160239
0.000174792
0.000162281
0.000108729
0.000108828
0.000141381
0.000130847
0.000116868
7.61e-05
8.19e-05
9.05e-05
0.000185859
0.00016099
3.4e-05
3.71e-05
4.91e-05
4.35e-05
4.72e-05
5.21e-05
4.54e-05
4.47e-05
0.000215272
0.0
0.0
0.001786495
0.000706175
0.000411517
0.0
0.0
0.002514485
0.00212596
0.000565159
0.000884961
0.000764402
0.000389598
0.000430498
0.00034154
0.000337254
0.000229885
0.000262518
0.000180992
6.78e-05
9.66e-05
0.000734307
0.000662952
0.0
0.0
0.0
0.0
0.002557256
0.001265107
0.000792767
0.000587152
0.000471567
0.000869061
0.006829036
0.007625075
0.002240884
0.000979995
0.000599856
0.000485205
0.001950768
0.001323628
0.002752267
0.000807995
0.000663694
0.000570047
0.000897475
0.000507271
0.000266696
0.000247635
0.000231253
0.000199322
0.000181592
0.000132545
0.000110236
9.84e-05
0.000174521
0.000189683
0.000179924
0.000128804
0.000402403
0.001288772
0.000832992
0.000756126
0.000584362
0.000624799
0.000427199
0.000839578
0.002440587
0.001223316
0.001494916
0.001622822
0.004421209
0.0
0.0
0.000855045
0.000716181
0.000345625
0.000270531
0.000773637
0.00651141
0.001530351
0.001017583
0.000743567
0.000492847
0.000328082
0.000342104
0.0003116
0.000350341
0.000708878
0.000910173
0.000796232
0.000577146
0.00032922
0.000337593
0.000350096
0.000351904
0.000243301
0.000437508
0.000264355
0.000336243
0.000176462
0.000298777
0.000151461
0.000181079
0.000166226
0.000163529
0.000174707
0.000174236
0.000263267
0.000263368
0.000112411
0.00014463
0.001167957
0.000592768
0.000326842
0.000194207
0.000114096
0.000130337
0.000124623
0.000166755
9.64e-05
6.57e-05
6.76e-05
0.0
0.0
0.001043528
0.0
0.0
0.0
0.0
0.0
0.0
0.0
0.0
0.0
0.0
0.0
0.0
0.0
0.0
0.0
0.0
0.0
0.0
0.0
0.0
0.0
0.0
0.0
0.0
0.0
0.0
0.0
0.0
0.0
0.0
0.0
0.0
0.0
0.0
0.0
0.0
0.0
0.0
0.0
0.0
0.0
0.0
0.0
0.0
0.0
0.0
0.0
0.0
0.0
0.0
0.0
0.0
0.0
0.0
0.0
0.0
0.0
0.0
0.0
0.0
0.0
0.0
0.0
0.0
0.0
0.0
0.0
0.0
0.0
0.0
0.0
0.0
0.0
0.0
0.0
0.0
0.0
0.0
0.0
0.0
0.0
0.0
0.0
0.0
0.0
0.0
0.0
0.0
0.0
0.0
0.0
0.0
0.0
0.0
0.0
0.0
0.0
0.0
0.0
0.0
0.0
0.0
0.0
0.0
0.0
0.0
0.0
0.0
0.0
0.0
0.0
0.0
0.0
0.0
0.0
0.0
0.0
0.0
0.0
0.0
0.0
0.0
7.37e-06
3.02e-05
1.77e-05
1.45e-05
1.06e-05
6.12e-06
3.5e-06
3.49e-06
0.0
0.0
0.0
0.0
0.0
0.0
0.0
0.0
0.0
0.0
0.0
0.0
0.0
0.0
0.0
3.74e-06
5.25e-05
2.06e-05
9.78e-06
6.43e-06
4.9e-06
7.28e-06
0.0
0.0
2.93e-06
0.0
0.0
0.0
0.0
0.0
0.001112402
0.000930749
0.000600247
0.000438662
0.00048635
0.000224406
0.000192093
0.000133539
9.84e-05
7.29e-05
0.000110419
0.000415712
0.006341226
0.0
0.0
0.0
0.0
0.0
0.0
0.002662562
0.002763366
0.00112814
0.00104931
0.000721886
0.000492619
0.000411111
0.000292824
0.000290575
0.000346046
0.000275094
0.000238536
0.000246082
0.000199249
0.000133496
0.000183131
0.000160239
0.000174792
0.000162281
0.000108729
0.000108828
0.000141381
0.000130847
0.000116868
7.61e-05
8.19e-05
9.05e-05
0.000185859
0.00016099
3.4e-05
3.71e-05
4.91e-05
4.35e-05
4.72e-05
5.21e-05
4.54e-05
4.47e-05
0.000215272
0.0
0.0
0.001786495
0.000706175
0.000411517
0.0
0.0
0.002514485
0.00212596
0.000565159
0.000884961
0.000764402
0.000389598
0.000430498
0.00034154
0.000337254
0.000229885
0.000262518
0.000180992
6.78e-05
9.66e-05
0.000734307
0.000662952
0.0
0.0
0.0
0.0
0.002557256
0.001265107
0.000792767
0.000587152
0.000471567
0.000869061
0.006829036
0.007625075
0.002240884
0.000979995
0.000599856
0.000485205
0.001950768
0.001323628
0.002752267
0.000807995
0.000663694
0.000570047
0.000897475
0.000507271
0.000266696
0.000247635
0.000231253
0.000199322
0.000181592
0.000132545
0.000110236
9.84e-05
0.000174521
0.000189683
0.000179924
0.000128804
0.000402403
0.001288772
0.000832992
0.000756126
0.000584362
0.000624799
0.000427199
0.000839578
0.002440587
0.001223316
0.001494916
0.001622822
0.004421209
0.0
0.0
0.000855045
0.000716181
0.000345625
0.000270531
0.000773637
0.00651141
0.001530351
0.001017583
0.000743567
0.000492847
0.000328082
0.000342104
0.0003116
0.000350341
0.000708878
0.000910173
0.000796232
0.000577146
0.00032922
0.000337593
0.000350096
0.000351904
0.000243301
0.000437508
0.000264355
0.000336243
0.000176462
0.000298777
0.000151461
0.000181079
0.000166226
0.000163529
0.000174707
0.000174236
0.000263267
0.000263368
0.000112411
0.00014463
0.001167957
0.000592768
0.000326842
0.000194207
0.000114096
0.000130337
0.000124623
0.000166755
9.64e-05
6.57e-05
6.76e-05
0.0
0.0
0.001043528
0.0
0.0
0.0
0.0
0.0
0.0
0.0
0.0
0.0
0.0
0.0
0.0
0.0
0.0
0.0
0.0
0.0
0.0
0.0
0.0
0.0
0.0
0.0
0.0
0.0
0.0
0.0
0.0
0.0
0.0
0.0
0.0
0.0
0.0
0.0
0.0
0.0
0.0
0.0
0.0
0.0
0.0
0.0
0.0
0.0
0.0
0.0
0.0
0.0
0.0
0.0
0.0
0.0
0.0
0.0
0.0
0.0
0.0
0.0
0.0
0.0
0.0
0.0
0.0
0.0
0.0
0.0
0.0
0.0
0.0
0.0
0.0
0.0
0.0
0.0
0.0
0.0
0.0
0.0
0.0
0.0
0.0
0.0
0.0
0.0
0.0
0.0
0.0
0.0
0.0
0.0
0.0
0.0
0.0
0.0
0.0
0.0
0.0
0.0
0.0
0.0
0.0
0.0
0.0
0.0
0.0
0.0
0.0
0.0
0.0
0.0
0.0
0.0
0.0
0.0
0.0
0.0
0.0
0.0
0.0
0.0
0.0
7.37e-06
3.02e-05
1.77e-05
1.45e-05
1.06e-05
6.12e-06
3.5e-06
3.49e-06
0.0
0.0
0.0
0.0
0.0
0.0
0.0
0.0
0.0
0.0
0.0
0.0
0.0
0.0
0.0
3.74e-06
5.25e-05
2.06e-05
9.78e-06
6.43e-06
4.9e-06
7.28e-06
0.0
0.0
2.93e-06
0.0
0.0
0.0
0.0
0.0
0.001112402
0.000930749
0.000600247
0.000438662
0.00048635
0.000224406
0.000192093
0.000133539
9.84e-05
7.29e-05
0.000110419
0.000415712
0.006341226
0.0
0.0
0.0
0.0
0.0
0.0
0.002662562
0.002763366
0.00112814
0.00104931
0.000721886
0.000492619
0.000411111
0.000292824
0.000290575
0.000346046
0.000275094
0.000238536
0.000246082
0.000199249
0.000133496
0.000183131
0.000160239
0.000174792
0.000162281
0.000108729
0.000108828
0.000141381
0.000130847
0.000116868
7.61e-05
8.19e-05
9.05e-05
0.000185859
0.00016099
3.4e-05
3.71e-05
4.91e-05
4.35e-05
4.72e-05
5.21e-05
4.54e-05
4.47e-05
0.000215272
0.0
0.0
0.001786495
0.000706175
0.000411517
0.0
0.0
0.002514485
0.00212596
0.000565159
0.000884961
0.000764402
0.000389598
0.000430498
0.00034154
0.000337254
0.000229885
0.000262518
0.000180992
6.78e-05
9.66e-05
0.000734307
0.000662952
0.0
0.0
0.0
0.0
0.002557256
0.001265107
0.000792767
0.000587152
0.000471567
0.000869061
0.006829036
0.007625075
0.002240884
0.000979995
0.000599856
0.000485205
0.001950768
0.001323628
0.002752267
0.000807995
0.000663694
0.000570047
0.000897475
0.000507271
0.000266696
0.000247635
0.000231253
0.000199322
0.000181592
0.000132545
0.000110236
9.84e-05
0.000174521
0.000189683
0.000179924
0.000128804
0.000402403
0.001288772
0.000832992
0.000756126
0.000584362
0.000624799
0.000427199
0.000839578
0.002440587
0.001223316
0.001494916
0.001622822
0.004421209
0.0
0.0
0.000855045
0.000716181
0.000345625
0.000270531
0.000773637
0.00651141
0.001530351
0.001017583
0.000743567
0.000492847
0.000328082
0.000342104
0.0003116
0.000350341
0.000708878
0.000910173
0.000796232
0.000577146
0.00032922
0.000337593
0.000350096
0.000351904
0.000243301
0.000437508
0.000264355
0.000336243
0.000176462
0.000298777
0.000151461
0.000181079
0.000166226
0.000163529
0.000174707
0.000174236
0.000263267
0.000263368
0.000112411
0.00014463
0.001167957
0.000592768
0.000326842
0.000194207
0.000114096
0.000130337
0.000124623
0.000166755
9.64e-05
6.57e-05
6.76e-05
0.0
0.0
0.001043528
0.0
0.0
0.0
0.0
0.0
0.0
0.0
0.0
0.0
0.0
0.0
0.0
0.0
0.0
0.0
0.0
0.0
0.0
0.0
0.0
0.0
0.0
0.0
0.0
0.0
0.0
0.0
0.0
0.0
0.0
0.0
0.0
0.0
0.0
0.0
0.0
0.0
0.0
0.0
0.0
0.0
0.0
0.0
0.0
0.0
0.0
0.0
0.0
0.0
0.0
0.0
0.0
0.0
0.0
0.0
0.0
0.0
0.0
0.0
0.0
0.0
0.0
0.0
0.0
0.0
0.0
0.0
0.0
0.0
0.0
0.0
0.0
0.0
0.0
0.0
0.0
0.0
0.0
0.0
0.0
0.0
0.0
0.0
0.0
0.0
0.0
0.0
0.0
0.0
0.0
0.0
0.0
0.0
0.0
0.0
0.0
0.0
0.0
0.0
0.0
0.0
0.0
0.0
0.0
0.0
0.0
0.0
0.0
0.0
0.0
0.0
0.0
0.0
0.0
0.0
0.0
0.0
0.0
0.0
0.0
0.0
0.0
7.37e-06
3.02e-05
1.77e-05
1.45e-05
1.06e-05
6.12e-06
3.5e-06
3.49e-06
0.0
0.0
0.0
0.0
0.0
0.0
0.0
0.0
0.0
0.0
0.0
0.0
0.0
0.0
0.0
3.74e-06
5.25e-05
2.06e-05
9.78e-06
6.43e-06
4.9e-06
7.28e-06
0.0
0.0
2.93e-06
0.0
0.0
0.019648306
0.019639924
0.002229762
0.001112402
0.000930749
0.000600247
0.000438662
0.00048635
0.000224406
0.000192093
0.000133539
9.84e-05
7.29e-05
0.000110419
0.000415712
0.006341226
0.058234988
0.20071042
0.153645621
0.100112236
0.011227023
0.002956244
0.002662562
0.002763366
0.00112814
0.00104931
0.000721886
0.000492619
0.000411111
0.000292824
0.000290575
0.000346046
0.000275094
0.000238536
0.000246082
0.000199249
0.000133496
0.000183131
0.000160239
0.000174792
0.000162281
0.000108729
0.000108828
0.000141381
0.000130847
0.000116868
7.61e-05
8.19e-05
9.05e-05
0.000185859
0.00016099
3.4e-05
3.71e-05
4.91e-05
4.35e-05
4.72e-05
5.21e-05
4.54e-05
4.47e-05
0.000215272
0.014975777
0.005401221
0.001786495
0.000706175
0.000411517
0.033255728
0.004816742
0.002514485
0.00212596
0.000565159
0.000884961
0.000764402
0.000389598
0.000430498
0.00034154
0.000337254
0.000229885
0.000262518
0.000180992
6.78e-05
9.66e-05
0.000734307
0.000662952
0.010558539
0.127150277
0.033781282
0.005555768
0.002557256
0.001265107
0.000792767
0.000587152
0.000471567
0.000869061
0.006829036
0.007625075
0.002240884
0.000979995
0.000599856
0.000485205
0.001950768
0.001323628
0.002752267
0.000807995
0.000663694
0.000570047
0.000897475
0.000507271
0.000266696
0.000247635
0.000231253
0.000199322
0.000181592
0.000132545
0.000110236
9.84e-05
0.000174521
0.000189683
0.000179924
0.000128804
0.000402403
0.001288772
0.000832992
0.000756126
0.000584362
0.000624799
0.000427199
0.000839578
0.002440587
0.001223316
0.001494916
0.001622822
0.004421209
0.020618033
0.002049712
0.000855045
0.000716181
0.000345625
0.000270531
0.000773637
0.00651141
0.001530351
0.001017583
0.000743567
0.000492847
0.000328082
0.000342104
0.0003116
0.000350341
0.000708878
0.000910173
0.000796232
0.000577146
0.00032922
0.000337593
0.000350096
0.000351904
0.000243301
0.000437508
0.000264355
0.000336243
0.000176462
0.000298777
0.000151461
0.000181079
0.000166226
0.000163529
0.000174707
0.000174236
0.000263267
0.000263368
0.000112411
0.00014463
0.001167957
0.000592768
0.000326842
0.000194207
0.000114096
0.000130337
0.000124623
0.000166755
9.64e-05
6.57e-05
6.76e-05
0.053299496
0.003626071
0.001043528
0.0
0.0
0.0
0.0
0.0
0.0
0.0
0.0
0.0
0.0
0.0
0.0
0.0
0.0
0.0
0.0
0.0
0.0
0.0
0.0
0.0
0.0
0.0
0.0
0.0
0.0
0.0
0.0
0.0
0.0
0.0
0.0
0.0
0.0
0.0
0.0
0.0
0.0
0.0
0.0
0.0
0.0
0.0
0.0
0.0
0.0
0.0
0.0
0.0
0.0
0.0
0.0
0.0
0.0
0.0
0.0
0.0
0.0
0.0
0.0
0.0
0.0
0.0
0.0
0.0
0.0
0.0
0.0
0.0
0.0
0.0
0.0
0.0
0.0
0.0
0.0
0.0
0.0
0.0
0.0
0.0
0.0
0.0
0.0
0.0
0.0
0.0
0.0
0.0
0.0
0.0
0.0
0.0
0.0
0.0
0.0
0.0
0.0
0.0
0.0
0.0
0.0
0.0
0.0
0.0
0.0
0.0
0.0
0.0
0.0
0.0
0.0
0.0
0.0
0.0
0.0
0.0
0.0
0.0
0.0
0.0
0.0
7.37e-06
3.02e-05
1.77e-05
1.45e-05
1.06e-05
6.12e-06
3.5e-06
3.49e-06
0.0
0.0
0.0
0.0
0.0
0.0
0.0
0.0
0.0
0.0
0.0
0.0
0.0
0.0
0.0
3.74e-06
5.25e-05
2.06e-05
9.78e-06
6.43e-06
4.9e-06
7.28e-06
0.0
0.0
2.93e-06
0.0
0.0
0.019648306
0.019639924
0.002229762
0.001112402
0.000930749
0.000600247
0.000438662
0.00048635
0.000224406
0.000192093
0.000133539
9.84e-05
7.29e-05
0.000110419
0.000415712
0.006341226
0.058234988
0.20071042
0.153645621
0.100112236
0.011227023
0.002956244
0.002662562
0.002763366
0.00112814
0.00104931
0.000721886
0.000492619
0.000411111
0.000292824
0.000290575
0.000346046
0.000275094
0.000238536
0.000246082
0.000199249
0.000133496
0.000183131
0.000160239
0.000174792
0.000162281
0.000108729
0.000108828
0.000141381
0.000130847
0.000116868
7.61e-05
8.19e-05
9.05e-05
0.000185859
0.00016099
3.4e-05
3.71e-05
4.91e-05
4.35e-05
4.72e-05
5.21e-05
4.54e-05
4.47e-05
0.000215272
0.014975777
0.005401221
0.001786495
0.000706175
0.000411517
0.033255728
0.004816742
0.002514485
0.00212596
0.000565159
0.000884961
0.000764402
0.000389598
0.000430498
0.00034154
0.000337254
0.000229885
0.000262518
0.000180992
6.78e-05
9.66e-05
0.000734307
0.000662952
0.010558539
0.127150277
0.033781282
0.005555768
0.002557256
0.001265107
0.000792767
0.000587152
0.000471567
0.000869061
0.006829036
0.007625075
0.002240884
0.000979995
0.000599856
0.000485205
0.001950768
0.001323628
0.002752267
0.000807995
0.000663694
0.000570047
0.000897475
0.000507271
0.000266696
0.000247635
0.000231253
0.000199322
0.000181592
0.000132545
0.000110236
9.84e-05
0.000174521
0.000189683
0.000179924
0.000128804
0.000402403
0.001288772
0.000832992
0.000756126
0.000584362
0.000624799
0.000427199
0.000839578
0.002440587
0.001223316
0.001494916
0.001622822
0.004421209
0.020618033
0.002049712
0.000855045
0.000716181
0.000345625
0.000270531
0.000773637
0.00651141
0.001530351
0.001017583
0.000743567
0.000492847
0.000328082
0.000342104
0.0003116
0.000350341
0.000708878
0.000910173
0.000796232
0.000577146
0.00032922
0.000337593
0.000350096
0.000351904
0.000243301
0.000437508
0.000264355
0.000336243
0.000176462
0.000298777
0.000151461
0.000181079
0.000166226
0.000163529
0.000174707
0.000174236
0.000263267
0.000263368
0.000112411
0.00014463
0.001167957
0.000592768
0.000326842
0.000194207
0.000114096
0.000130337
0.000124623
0.000166755
9.64e-05
6.57e-05
6.76e-05
0.053299496
0.003626071
0.001043528
0.0
0.0
0.0
0.0
0.0
0.0
0.0
0.0
0.0
0.0
0.0
0.0
0.0
0.0
0.0
0.0
0.0
0.0
0.0
0.0
0.0
0.0
0.0
0.0
0.0
0.0
0.0
0.0
0.0
0.0
0.0
0.0
0.0
0.0
0.0
0.0
0.0
0.0
0.0
0.0
0.0
0.0
0.0
0.0
0.0
0.0
0.0
0.0
0.0
0.0
0.0
0.0
0.0
0.0
0.0
0.0
0.0
0.0
0.0
0.0
0.0
0.0
0.0
0.0
0.0
0.0
0.0
0.0
0.0
0.0
0.0
0.0
0.0
0.0
0.0
0.0
0.0
0.0
0.0
0.0
0.0
0.0
0.0
0.0
0.0
0.0
0.0
0.0
0.0
0.0
0.0
0.0
0.0
0.0
0.0
0.0
0.0
0.0
0.0
0.0
0.0
0.0
0.0
0.0
0.0
0.0
0.0
0.0
0.0
0.0
0.0
0.0
0.0
0.0
0.0
0.0
0.0
0.0
0.0
0.0
0.0
0.0
7.37e-06
3.02e-05
1.77e-05
1.45e-05
1.06e-05
6.12e-06
3.5e-06
3.49e-06
0.0
0.0
0.0
0.0
0.0
0.0
0.0
0.0
0.0
0.0
0.0
0.0
0.0
0.0
0.0
3.74e-06
5.25e-05
2.06e-05
9.78e-06
6.43e-06
4.9e-06
7.28e-06
0.0
0.0
2.93e-06
0.0
0.0
0.019648306
0.019639924
0.002229762
0.001112402
0.000930749
0.000600247
0.000438662
0.00048635
0.000224406
0.000192093
0.000133539
9.84e-05
7.29e-05
0.000110419
0.000415712
